100   4950
191
110 103 181 187 52 162 117 132 171 159 60 167 176 165 141 139 157 177 164 52 135 97 185 110 58 54 50 32 35 107 75 52 62 45 142 83 58 174 174 157 81 166 53 125 72 86 166 181 38 108 175 185 61 61 107 152 135 52 181 111 176 53 153 159 111 41 51 69 55 89 148 64 67 76 99 53 183 176 151 148 140 117 75 48 187 186 86 176 121 115 122 56 118 175 187 159 176 59 169 1 2 230
1 3 277
1 4 60
1 5 168
1 6 52
1 7 166
1 8 80
1 9 70
1 10 213
1 11 268
1 12 219
1 13 206
1 14 132
1 15 145
1 16 100
1 17 53
1 18 239
1 19 290
1 20 179
1 21 54
1 22 74
1 23 97
1 24 262
1 25 61
1 26 279
1 27 254
1 28 266
1 29 298
1 30 111
1 31 92
1 32 200
1 33 189
1 34 99
1 35 274
1 36 213
1 37 13
1 38 68
1 39 91
1 40 12
1 41 247
1 42 164
1 43 32
1 44 263
1 45 244
1 46 171
1 47 43
1 48 157
1 49 195
1 50 134
1 51 202
1 52 239
1 53 138
1 54 147
1 55 15
1 56 224
1 57 162
1 58 263
1 59 275
1 60 184
1 61 224
1 62 33
1 63 85
1 64 129
1 65 123
1 66 176
1 67 290
1 68 17
1 69 263
1 70 299
1 71 86
1 72 95
1 73 272
1 74 214
1 75 201
1 76 133
1 77 164
1 78 220
1 79 150
1 80 285
1 81 63
1 82 85
1 83 129
1 84 256
1 85 10
1 86 205
1 87 176
1 88 116
1 89 252
1 90 242
1 91 143
1 92 242
1 93 56
1 94 260
1 95 44
1 96 210
1 97 243
1 98 69
1 99 297
1 100 253
2 3 189
2 4 288
2 5 97
2 6 69
2 7 164
2 8 255
2 9 244
2 10 153
2 11 295
2 12 144
2 13 36
2 14 170
2 15 130
2 16 211
2 17 105
2 18 298
2 19 255
2 20 187
2 21 283
2 22 18
2 23 61
2 24 274
2 25 99
2 26 234
2 27 255
2 28 123
2 29 102
2 30 40
2 31 111
2 32 35
2 33 97
2 34 227
2 35 89
2 36 209
2 37 96
2 38 297
2 39 279
2 40 100
2 41 210
2 42 64
2 43 171
2 44 39
2 45 71
2 46 142
2 47 51
2 48 274
2 49 157
2 50 104
2 51 83
2 52 257
2 53 287
2 54 80
2 55 77
2 56 118
2 57 76
2 58 269
2 59 267
2 60 134
2 61 111
2 62 198
2 63 209
2 64 158
2 65 121
2 66 290
2 67 207
2 68 44
2 69 247
2 70 36
2 71 181
2 72 244
2 73 210
2 74 277
2 75 246
2 76 199
2 77 79
2 78 297
2 79 97
2 80 12
2 81 110
2 82 67
2 83 225
2 84 35
2 85 32
2 86 90
2 87 147
2 88 92
2 89 209
2 90 41
2 91 153
2 92 25
2 93 234
2 94 180
2 95 213
2 96 45
2 97 167
2 98 152
2 99 223
2 100 141
3 4 55
3 5 112
3 6 29
3 7 71
3 8 148
3 9 193
3 10 37
3 11 123
3 12 82
3 13 264
3 14 214
3 15 176
3 16 13
3 17 72
3 18 33
3 19 169
3 20 134
3 21 103
3 22 71
3 23 83
3 24 284
3 25 187
3 26 96
3 27 258
3 28 23
3 29 135
3 30 116
3 31 219
3 32 300
3 33 15
3 34 19
3 35 60
3 36 138
3 37 288
3 38 250
3 39 256
3 40 241
3 41 104
3 42 164
3 43 10
3 44 186
3 45 110
3 46 86
3 47 125
3 48 295
3 49 247
3 50 141
3 51 155
3 52 201
3 53 43
3 54 23
3 55 276
3 56 31
3 57 29
3 58 220
3 59 184
3 60 290
3 61 47
3 62 172
3 63 59
3 64 156
3 65 279
3 66 264
3 67 166
3 68 210
3 69 233
3 70 242
3 71 222
3 72 12
3 73 171
3 74 22
3 75 29
3 76 291
3 77 206
3 78 108
3 79 158
3 80 96
3 81 274
3 82 99
3 83 73
3 84 97
3 85 125
3 86 153
3 87 247
3 88 14
3 89 286
3 90 80
3 91 266
3 92 32
3 93 157
3 94 209
3 95 154
3 96 26
3 97 50
3 98 195
3 99 39
3 100 205
4 5 138
4 6 16
4 7 11
4 8 109
4 9 253
4 10 119
4 11 29
4 12 182
4 13 151
4 14 84
4 15 285
4 16 206
4 17 31
4 18 249
4 19 213
4 20 269
4 21 139
4 22 263
4 23 12
4 24 287
4 25 188
4 26 284
4 27 137
4 28 84
4 29 248
4 30 228
4 31 287
4 32 176
4 33 184
4 34 258
4 35 31
4 36 151
4 37 30
4 38 28
4 39 130
4 40 48
4 41 15
4 42 288
4 43 150
4 44 130
4 45 288
4 46 239
4 47 81
4 48 120
4 49 290
4 50 254
4 51 116
4 52 166
4 53 121
4 54 190
4 55 186
4 56 186
4 57 53
4 58 295
4 59 225
4 60 55
4 61 106
4 62 201
4 63 213
4 64 207
4 65 134
4 66 63
4 67 283
4 68 100
4 69 175
4 70 225
4 71 54
4 72 54
4 73 178
4 74 223
4 75 258
4 76 124
4 77 125
4 78 225
4 79 250
4 80 103
4 81 148
4 82 210
4 83 64
4 84 291
4 85 126
4 86 292
4 87 203
4 88 285
4 89 173
4 90 119
4 91 275
4 92 233
4 93 219
4 94 82
4 95 291
4 96 86
4 97 300
4 98 98
4 99 232
4 100 281
5 6 235
5 7 38
5 8 104
5 9 264
5 10 160
5 11 161
5 12 165
5 13 293
5 14 296
5 15 260
5 16 129
5 17 269
5 18 95
5 19 24
5 20 298
5 21 131
5 22 130
5 23 159
5 24 267
5 25 283
5 26 169
5 27 273
5 28 51
5 29 199
5 30 34
5 31 111
5 32 270
5 33 16
5 34 148
5 35 290
5 36 31
5 37 37
5 38 138
5 39 46
5 40 166
5 41 252
5 42 53
5 43 45
5 44 183
5 45 188
5 46 64
5 47 203
5 48 190
5 49 243
5 50 174
5 51 172
5 52 292
5 53 112
5 54 30
5 55 102
5 56 186
5 57 268
5 58 297
5 59 213
5 60 264
5 61 100
5 62 211
5 63 119
5 64 284
5 65 44
5 66 264
5 67 149
5 68 209
5 69 244
5 70 143
5 71 89
5 72 168
5 73 292
5 74 193
5 75 200
5 76 256
5 77 101
5 78 12
5 79 253
5 80 86
5 81 143
5 82 106
5 83 299
5 84 267
5 85 282
5 86 89
5 87 41
5 88 281
5 89 251
5 90 64
5 91 96
5 92 35
5 93 37
5 94 300
5 95 201
5 96 138
5 97 299
5 98 265
5 99 283
5 100 162
6 7 253
6 8 229
6 9 51
6 10 95
6 11 153
6 12 299
6 13 215
6 14 66
6 15 109
6 16 142
6 17 136
6 18 36
6 19 103
6 20 67
6 21 167
6 22 156
6 23 33
6 24 65
6 25 121
6 26 215
6 27 173
6 28 172
6 29 50
6 30 164
6 31 181
6 32 128
6 33 161
6 34 215
6 35 186
6 36 200
6 37 154
6 38 151
6 39 269
6 40 282
6 41 139
6 42 282
6 43 189
6 44 180
6 45 173
6 46 188
6 47 55
6 48 163
6 49 168
6 50 286
6 51 91
6 52 74
6 53 96
6 54 267
6 55 147
6 56 59
6 57 150
6 58 253
6 59 283
6 60 66
6 61 104
6 62 27
6 63 124
6 64 73
6 65 158
6 66 123
6 67 159
6 68 296
6 69 133
6 70 44
6 71 39
6 72 163
6 73 98
6 74 281
6 75 212
6 76 63
6 77 113
6 78 268
6 79 37
6 80 220
6 81 47
6 82 49
6 83 251
6 84 55
6 85 64
6 86 154
6 87 97
6 88 14
6 89 240
6 90 272
6 91 86
6 92 201
6 93 12
6 94 203
6 95 281
6 96 75
6 97 279
6 98 193
6 99 73
6 100 254
7 8 42
7 9 198
7 10 224
7 11 188
7 12 22
7 13 57
7 14 25
7 15 70
7 16 232
7 17 99
7 18 210
7 19 65
7 20 221
7 21 242
7 22 69
7 23 182
7 24 233
7 25 109
7 26 142
7 27 144
7 28 138
7 29 218
7 30 221
7 31 209
7 32 286
7 33 149
7 34 121
7 35 195
7 36 110
7 37 127
7 38 155
7 39 284
7 40 92
7 41 76
7 42 99
7 43 31
7 44 245
7 45 41
7 46 154
7 47 225
7 48 194
7 49 114
7 50 252
7 51 222
7 52 55
7 53 84
7 54 22
7 55 205
7 56 24
7 57 182
7 58 166
7 59 26
7 60 32
7 61 177
7 62 84
7 63 147
7 64 44
7 65 123
7 66 12
7 67 185
7 68 218
7 69 283
7 70 19
7 71 245
7 72 208
7 73 228
7 74 138
7 75 286
7 76 100
7 77 83
7 78 208
7 79 173
7 80 14
7 81 192
7 82 134
7 83 184
7 84 47
7 85 88
7 86 22
7 87 186
7 88 181
7 89 192
7 90 278
7 91 252
7 92 300
7 93 73
7 94 109
7 95 224
7 96 116
7 97 35
7 98 193
7 99 230
7 100 259
8 9 272
8 10 60
8 11 230
8 12 288
8 13 163
8 14 104
8 15 18
8 16 259
8 17 90
8 18 179
8 19 249
8 20 40
8 21 20
8 22 149
8 23 102
8 24 201
8 25 172
8 26 94
8 27 94
8 28 264
8 29 48
8 30 163
8 31 147
8 32 49
8 33 238
8 34 186
8 35 14
8 36 183
8 37 196
8 38 227
8 39 159
8 40 270
8 41 34
8 42 233
8 43 221
8 44 101
8 45 14
8 46 29
8 47 276
8 48 58
8 49 226
8 50 89
8 51 119
8 52 58
8 53 107
8 54 217
8 55 167
8 56 174
8 57 161
8 58 122
8 59 118
8 60 171
8 61 283
8 62 159
8 63 193
8 64 218
8 65 56
8 66 69
8 67 121
8 68 238
8 69 40
8 70 127
8 71 183
8 72 249
8 73 36
8 74 12
8 75 263
8 76 62
8 77 205
8 78 174
8 79 140
8 80 114
8 81 230
8 82 272
8 83 289
8 84 167
8 85 287
8 86 288
8 87 92
8 88 168
8 89 184
8 90 107
8 91 158
8 92 158
8 93 64
8 94 128
8 95 75
8 96 68
8 97 246
8 98 178
8 99 239
8 100 170
9 10 191
9 11 96
9 12 293
9 13 48
9 14 106
9 15 169
9 16 261
9 17 189
9 18 41
9 19 243
9 20 13
9 21 226
9 22 156
9 23 158
9 24 161
9 25 39
9 26 271
9 27 223
9 28 233
9 29 73
9 30 276
9 31 281
9 32 35
9 33 146
9 34 102
9 35 106
9 36 186
9 37 133
9 38 100
9 39 100
9 40 40
9 41 93
9 42 78
9 43 274
9 44 287
9 45 48
9 46 201
9 47 70
9 48 47
9 49 229
9 50 46
9 51 204
9 52 126
9 53 259
9 54 140
9 55 110
9 56 249
9 57 148
9 58 230
9 59 103
9 60 152
9 61 78
9 62 233
9 63 205
9 64 79
9 65 40
9 66 224
9 67 74
9 68 54
9 69 244
9 70 25
9 71 268
9 72 238
9 73 95
9 74 111
9 75 289
9 76 16
9 77 76
9 78 237
9 79 40
9 80 15
9 81 135
9 82 66
9 83 254
9 84 129
9 85 63
9 86 235
9 87 135
9 88 53
9 89 128
9 90 11
9 91 94
9 92 260
9 93 27
9 94 161
9 95 134
9 96 32
9 97 103
9 98 131
9 99 159
9 100 34
10 11 33
10 12 27
10 13 279
10 14 48
10 15 163
10 16 132
10 17 159
10 18 123
10 19 64
10 20 231
10 21 272
10 22 182
10 23 210
10 24 226
10 25 184
10 26 182
10 27 199
10 28 285
10 29 38
10 30 269
10 31 65
10 32 222
10 33 45
10 34 14
10 35 197
10 36 34
10 37 214
10 38 145
10 39 216
10 40 63
10 41 83
10 42 19
10 43 233
10 44 252
10 45 175
10 46 240
10 47 139
10 48 140
10 49 244
10 50 124
10 51 52
10 52 58
10 53 152
10 54 147
10 55 80
10 56 256
10 57 103
10 58 224
10 59 196
10 60 73
10 61 181
10 62 130
10 63 162
10 64 14
10 65 230
10 66 178
10 67 132
10 68 227
10 69 223
10 70 98
10 71 241
10 72 148
10 73 38
10 74 146
10 75 79
10 76 210
10 77 170
10 78 240
10 79 258
10 80 248
10 81 78
10 82 176
10 83 200
10 84 40
10 85 58
10 86 65
10 87 210
10 88 198
10 89 222
10 90 50
10 91 143
10 92 264
10 93 82
10 94 21
10 95 151
10 96 235
10 97 195
10 98 258
10 99 192
10 100 106
11 12 94
11 13 300
11 14 292
11 15 68
11 16 217
11 17 21
11 18 23
11 19 181
11 20 289
11 21 55
11 22 41
11 23 290
11 24 284
11 25 120
11 26 105
11 27 220
11 28 230
11 29 67
11 30 202
11 31 125
11 32 155
11 33 244
11 34 134
11 35 29
11 36 224
11 37 17
11 38 244
11 39 13
11 40 87
11 41 228
11 42 82
11 43 118
11 44 163
11 45 220
11 46 141
11 47 260
11 48 138
11 49 285
11 50 207
11 51 104
11 52 280
11 53 91
11 54 33
11 55 176
11 56 54
11 57 156
11 58 298
11 59 201
11 60 179
11 61 286
11 62 273
11 63 107
11 64 211
11 65 43
11 66 218
11 67 269
11 68 291
11 69 40
11 70 187
11 71 250
11 72 84
11 73 221
11 74 153
11 75 165
11 76 134
11 77 105
11 78 30
11 79 203
11 80 185
11 81 113
11 82 57
11 83 63
11 84 137
11 85 34
11 86 22
11 87 285
11 88 43
11 89 88
11 90 265
11 91 289
11 92 124
11 93 142
11 94 104
11 95 206
11 96 58
11 97 299
11 98 293
11 99 189
11 100 223
12 13 59
12 14 299
12 15 192
12 16 253
12 17 114
12 18 211
12 19 71
12 20 235
12 21 172
12 22 174
12 23 284
12 24 10
12 25 269
12 26 275
12 27 224
12 28 53
12 29 100
12 30 34
12 31 101
12 32 31
12 33 157
12 34 214
12 35 121
12 36 40
12 37 160
12 38 31
12 39 129
12 40 39
12 41 191
12 42 112
12 43 56
12 44 79
12 45 160
12 46 282
12 47 13
12 48 32
12 49 227
12 50 282
12 51 73
12 52 155
12 53 160
12 54 40
12 55 44
12 56 88
12 57 214
12 58 144
12 59 90
12 60 110
12 61 119
12 62 33
12 63 181
12 64 115
12 65 143
12 66 277
12 67 199
12 68 190
12 69 58
12 70 183
12 71 31
12 72 238
12 73 116
12 74 293
12 75 196
12 76 185
12 77 78
12 78 19
12 79 201
12 80 54
12 81 170
12 82 243
12 83 214
12 84 177
12 85 127
12 86 56
12 87 86
12 88 218
12 89 93
12 90 228
12 91 18
12 92 171
12 93 158
12 94 108
12 95 130
12 96 117
12 97 150
12 98 197
12 99 172
12 100 119
13 14 180
13 15 142
13 16 67
13 17 73
13 18 216
13 19 194
13 20 273
13 21 188
13 22 197
13 23 173
13 24 201
13 25 238
13 26 207
13 27 84
13 28 119
13 29 151
13 30 191
13 31 127
13 32 249
13 33 16
13 34 206
13 35 182
13 36 284
13 37 230
13 38 280
13 39 240
13 40 253
13 41 40
13 42 113
13 43 190
13 44 96
13 45 292
13 46 201
13 47 39
13 48 15
13 49 72
13 50 110
13 51 256
13 52 92
13 53 52
13 54 40
13 55 291
13 56 292
13 57 33
13 58 44
13 59 284
13 60 262
13 61 87
13 62 249
13 63 191
13 64 140
13 65 261
13 66 84
13 67 261
13 68 272
13 69 83
13 70 279
13 71 294
13 72 18
13 73 255
13 74 93
13 75 289
13 76 97
13 77 265
13 78 40
13 79 163
13 80 256
13 81 45
13 82 171
13 83 133
13 84 55
13 85 210
13 86 284
13 87 19
13 88 203
13 89 139
13 90 294
13 91 18
13 92 114
13 93 186
13 94 170
13 95 262
13 96 148
13 97 197
13 98 211
13 99 157
13 100 249
14 15 147
14 16 96
14 17 251
14 18 88
14 19 214
14 20 272
14 21 260
14 22 220
14 23 178
14 24 17
14 25 265
14 26 13
14 27 82
14 28 67
14 29 222
14 30 273
14 31 161
14 32 274
14 33 57
14 34 77
14 35 77
14 36 205
14 37 15
14 38 31
14 39 284
14 40 227
14 41 215
14 42 178
14 43 262
14 44 40
14 45 294
14 46 253
14 47 148
14 48 140
14 49 277
14 50 55
14 51 97
14 52 120
14 53 285
14 54 13
14 55 106
14 56 90
14 57 270
14 58 240
14 59 110
14 60 71
14 61 11
14 62 193
14 63 232
14 64 119
14 65 37
14 66 64
14 67 69
14 68 111
14 69 274
14 70 107
14 71 251
14 72 261
14 73 166
14 74 174
14 75 43
14 76 71
14 77 232
14 78 128
14 79 166
14 80 156
14 81 156
14 82 85
14 83 185
14 84 299
14 85 221
14 86 20
14 87 225
14 88 224
14 89 212
14 90 192
14 91 197
14 92 290
14 93 165
14 94 261
14 95 154
14 96 110
14 97 196
14 98 15
14 99 55
14 100 55
15 16 223
15 17 225
15 18 192
15 19 158
15 20 283
15 21 274
15 22 265
15 23 110
15 24 190
15 25 17
15 26 142
15 27 135
15 28 298
15 29 113
15 30 16
15 31 141
15 32 200
15 33 99
15 34 284
15 35 227
15 36 97
15 37 58
15 38 273
15 39 40
15 40 238
15 41 185
15 42 122
15 43 282
15 44 74
15 45 195
15 46 181
15 47 299
15 48 243
15 49 124
15 50 157
15 51 74
15 52 259
15 53 224
15 54 218
15 55 16
15 56 180
15 57 68
15 58 131
15 59 41
15 60 300
15 61 102
15 62 277
15 63 223
15 64 124
15 65 59
15 66 33
15 67 57
15 68 214
15 69 50
15 70 47
15 71 234
15 72 174
15 73 123
15 74 102
15 75 15
15 76 265
15 77 67
15 78 229
15 79 182
15 80 199
15 81 257
15 82 199
15 83 10
15 84 162
15 85 148
15 86 289
15 87 178
15 88 291
15 89 168
15 90 189
15 91 287
15 92 151
15 93 61
15 94 207
15 95 227
15 96 96
15 97 79
15 98 104
15 99 178
15 100 132
16 17 171
16 18 124
16 19 251
16 20 256
16 21 134
16 22 143
16 23 179
16 24 180
16 25 64
16 26 53
16 27 18
16 28 182
16 29 35
16 30 33
16 31 236
16 32 183
16 33 288
16 34 215
16 35 196
16 36 76
16 37 172
16 38 241
16 39 222
16 40 81
16 41 254
16 42 258
16 43 212
16 44 56
16 45 265
16 46 24
16 47 153
16 48 133
16 49 197
16 50 261
16 51 58
16 52 84
16 53 32
16 54 52
16 55 127
16 56 121
16 57 80
16 58 132
16 59 162
16 60 142
16 61 229
16 62 62
16 63 289
16 64 224
16 65 119
16 66 117
16 67 273
16 68 285
16 69 55
16 70 181
16 71 29
16 72 100
16 73 164
16 74 108
16 75 213
16 76 204
16 77 263
16 78 212
16 79 24
16 80 214
16 81 44
16 82 177
16 83 37
16 84 88
16 85 85
16 86 247
16 87 15
16 88 163
16 89 279
16 90 254
16 91 27
16 92 296
16 93 285
16 94 242
16 95 37
16 96 246
16 97 256
16 98 141
16 99 291
16 100 154
17 18 109
17 19 67
17 20 299
17 21 285
17 22 188
17 23 150
17 24 123
17 25 115
17 26 72
17 27 162
17 28 194
17 29 10
17 30 206
17 31 186
17 32 82
17 33 93
17 34 40
17 35 116
17 36 40
17 37 148
17 38 277
17 39 33
17 40 201
17 41 275
17 42 110
17 43 180
17 44 22
17 45 21
17 46 81
17 47 26
17 48 18
17 49 211
17 50 269
17 51 146
17 52 149
17 53 241
17 54 18
17 55 202
17 56 121
17 57 80
17 58 225
17 59 29
17 60 75
17 61 186
17 62 125
17 63 253
17 64 104
17 65 72
17 66 32
17 67 38
17 68 249
17 69 212
17 70 18
17 71 18
17 72 232
17 73 244
17 74 144
17 75 84
17 76 100
17 77 29
17 78 129
17 79 81
17 80 214
17 81 37
17 82 74
17 83 130
17 84 187
17 85 264
17 86 64
17 87 277
17 88 234
17 89 180
17 90 60
17 91 169
17 92 108
17 93 246
17 94 133
17 95 252
17 96 79
17 97 23
17 98 186
17 99 207
17 100 165
18 19 108
18 20 279
18 21 296
18 22 18
18 23 111
18 24 96
18 25 168
18 26 254
18 27 54
18 28 71
18 29 61
18 30 247
18 31 33
18 32 12
18 33 98
18 34 270
18 35 88
18 36 171
18 37 79
18 38 201
18 39 284
18 40 181
18 41 76
18 42 277
18 43 68
18 44 226
18 45 187
18 46 33
18 47 28
18 48 219
18 49 261
18 50 37
18 51 221
18 52 206
18 53 66
18 54 264
18 55 270
18 56 251
18 57 129
18 58 111
18 59 185
18 60 163
18 61 55
18 62 40
18 63 138
18 64 104
18 65 208
18 66 170
18 67 180
18 68 188
18 69 22
18 70 196
18 71 88
18 72 228
18 73 185
18 74 80
18 75 128
18 76 213
18 77 273
18 78 287
18 79 51
18 80 14
18 81 200
18 82 292
18 83 287
18 84 148
18 85 226
18 86 125
18 87 207
18 88 296
18 89 151
18 90 24
18 91 162
18 92 127
18 93 251
18 94 190
18 95 16
18 96 76
18 97 210
18 98 178
18 99 170
18 100 77
19 20 286
19 21 291
19 22 51
19 23 214
19 24 290
19 25 52
19 26 236
19 27 174
19 28 56
19 29 43
19 30 14
19 31 38
19 32 278
19 33 125
19 34 188
19 35 231
19 36 34
19 37 22
19 38 250
19 39 31
19 40 289
19 41 73
19 42 59
19 43 239
19 44 124
19 45 221
19 46 139
19 47 179
19 48 103
19 49 296
19 50 148
19 51 253
19 52 130
19 53 142
19 54 68
19 55 106
19 56 218
19 57 182
19 58 213
19 59 17
19 60 290
19 61 105
19 62 259
19 63 51
19 64 127
19 65 278
19 66 100
19 67 105
19 68 249
19 69 296
19 70 219
19 71 193
19 72 114
19 73 105
19 74 16
19 75 112
19 76 239
19 77 259
19 78 38
19 79 71
19 80 45
19 81 129
19 82 293
19 83 219
19 84 51
19 85 82
19 86 181
19 87 51
19 88 145
19 89 18
19 90 184
19 91 181
19 92 78
19 93 286
19 94 107
19 95 264
19 96 238
19 97 159
19 98 110
19 99 206
19 100 261
20 21 58
20 22 59
20 23 33
20 24 245
20 25 77
20 26 69
20 27 291
20 28 75
20 29 221
20 30 282
20 31 97
20 32 239
20 33 286
20 34 130
20 35 22
20 36 126
20 37 186
20 38 274
20 39 267
20 40 61
20 41 41
20 42 53
20 43 279
20 44 88
20 45 70
20 46 75
20 47 238
20 48 236
20 49 22
20 50 213
20 51 97
20 52 65
20 53 150
20 54 262
20 55 48
20 56 279
20 57 274
20 58 28
20 59 212
20 60 278
20 61 129
20 62 156
20 63 218
20 64 282
20 65 228
20 66 255
20 67 143
20 68 279
20 69 247
20 70 153
20 71 175
20 72 265
20 73 282
20 74 73
20 75 280
20 76 287
20 77 46
20 78 45
20 79 36
20 80 132
20 81 24
20 82 128
20 83 156
20 84 43
20 85 137
20 86 50
20 87 44
20 88 63
20 89 228
20 90 101
20 91 79
20 92 49
20 93 266
20 94 249
20 95 135
20 96 43
20 97 145
20 98 209
20 99 99
20 100 185
21 22 290
21 23 202
21 24 75
21 25 49
21 26 52
21 27 44
21 28 236
21 29 211
21 30 46
21 31 16
21 32 299
21 33 73
21 34 197
21 35 168
21 36 17
21 37 184
21 38 183
21 39 161
21 40 169
21 41 193
21 42 130
21 43 247
21 44 261
21 45 261
21 46 243
21 47 45
21 48 49
21 49 66
21 50 261
21 51 29
21 52 31
21 53 173
21 54 124
21 55 170
21 56 21
21 57 10
21 58 132
21 59 118
21 60 196
21 61 263
21 62 43
21 63 69
21 64 250
21 65 183
21 66 204
21 67 253
21 68 269
21 69 106
21 70 188
21 71 28
21 72 129
21 73 51
21 74 289
21 75 179
21 76 160
21 77 233
21 78 24
21 79 93
21 80 172
21 81 21
21 82 61
21 83 85
21 84 181
21 85 55
21 86 138
21 87 275
21 88 75
21 89 20
21 90 51
21 91 155
21 92 79
21 93 113
21 94 94
21 95 73
21 96 167
21 97 27
21 98 134
21 99 233
21 100 63
22 23 118
22 24 109
22 25 33
22 26 94
22 27 239
22 28 55
22 29 63
22 30 62
22 31 277
22 32 92
22 33 19
22 34 108
22 35 224
22 36 12
22 37 157
22 38 33
22 39 243
22 40 43
22 41 224
22 42 55
22 43 112
22 44 91
22 45 90
22 46 269
22 47 87
22 48 144
22 49 193
22 50 253
22 51 152
22 52 262
22 53 165
22 54 227
22 55 178
22 56 113
22 57 42
22 58 244
22 59 243
22 60 69
22 61 31
22 62 27
22 63 67
22 64 169
22 65 163
22 66 198
22 67 113
22 68 89
22 69 160
22 70 240
22 71 93
22 72 18
22 73 278
22 74 50
22 75 281
22 76 87
22 77 271
22 78 250
22 79 198
22 80 126
22 81 161
22 82 215
22 83 154
22 84 111
22 85 38
22 86 221
22 87 263
22 88 157
22 89 67
22 90 62
22 91 288
22 92 188
22 93 289
22 94 214
22 95 295
22 96 274
22 97 94
22 98 257
22 99 292
22 100 266
23 24 161
23 25 57
23 26 86
23 27 250
23 28 187
23 29 77
23 30 155
23 31 264
23 32 21
23 33 213
23 34 136
23 35 279
23 36 265
23 37 155
23 38 114
23 39 75
23 40 48
23 41 185
23 42 54
23 43 26
23 44 211
23 45 192
23 46 151
23 47 15
23 48 34
23 49 123
23 50 297
23 51 159
23 52 130
23 53 37
23 54 20
23 55 260
23 56 93
23 57 286
23 58 95
23 59 272
23 60 131
23 61 166
23 62 243
23 63 64
23 64 241
23 65 142
23 66 20
23 67 213
23 68 103
23 69 152
23 70 222
23 71 168
23 72 211
23 73 98
23 74 27
23 75 135
23 76 108
23 77 14
23 78 178
23 79 80
23 80 67
23 81 268
23 82 280
23 83 133
23 84 165
23 85 241
23 86 62
23 87 63
23 88 249
23 89 212
23 90 296
23 91 89
23 92 140
23 93 240
23 94 145
23 95 35
23 96 266
23 97 21
23 98 133
23 99 88
23 100 13
24 25 183
24 26 196
24 27 133
24 28 279
24 29 115
24 30 200
24 31 193
24 32 236
24 33 190
24 34 198
24 35 129
24 36 207
24 37 152
24 38 54
24 39 32
24 40 180
24 41 253
24 42 193
24 43 122
24 44 49
24 45 283
24 46 45
24 47 116
24 48 44
24 49 184
24 50 27
24 51 203
24 52 202
24 53 67
24 54 196
24 55 266
24 56 25
24 57 137
24 58 237
24 59 297
24 60 230
24 61 116
24 62 147
24 63 115
24 64 180
24 65 247
24 66 266
24 67 73
24 68 136
24 69 11
24 70 186
24 71 220
24 72 66
24 73 106
24 74 204
24 75 12
24 76 106
24 77 81
24 78 296
24 79 36
24 80 99
24 81 145
24 82 210
24 83 250
24 84 300
24 85 204
24 86 195
24 87 161
24 88 113
24 89 255
24 90 191
24 91 294
24 92 136
24 93 176
24 94 265
24 95 45
24 96 79
24 97 196
24 98 109
24 99 140
24 100 137
25 26 92
25 27 186
25 28 262
25 29 59
25 30 300
25 31 47
25 32 275
25 33 295
25 34 268
25 35 141
25 36 227
25 37 259
25 38 15
25 39 134
25 40 120
25 41 160
25 42 75
25 43 217
25 44 241
25 45 170
25 46 170
25 47 97
25 48 136
25 49 32
25 50 157
25 51 127
25 52 181
25 53 33
25 54 195
25 55 207
25 56 25
25 57 154
25 58 213
25 59 183
25 60 85
25 61 249
25 62 20
25 63 291
25 64 115
25 65 277
25 66 168
25 67 87
25 68 132
25 69 40
25 70 53
25 71 247
25 72 13
25 73 283
25 74 122
25 75 196
25 76 262
25 77 290
25 78 56
25 79 166
25 80 65
25 81 226
25 82 33
25 83 213
25 84 66
25 85 262
25 86 255
25 87 209
25 88 150
25 89 92
25 90 183
25 91 249
25 92 260
25 93 170
25 94 274
25 95 39
25 96 29
25 97 142
25 98 146
25 99 115
25 100 13
26 27 68
26 28 94
26 29 190
26 30 143
26 31 275
26 32 78
26 33 96
26 34 254
26 35 116
26 36 193
26 37 298
26 38 257
26 39 196
26 40 55
26 41 29
26 42 90
26 43 47
26 44 298
26 45 128
26 46 113
26 47 97
26 48 178
26 49 154
26 50 184
26 51 167
26 52 232
26 53 37
26 54 96
26 55 105
26 56 137
26 57 148
26 58 12
26 59 269
26 60 58
26 61 24
26 62 277
26 63 119
26 64 180
26 65 36
26 66 154
26 67 134
26 68 235
26 69 173
26 70 207
26 71 40
26 72 213
26 73 88
26 74 44
26 75 15
26 76 237
26 77 28
26 78 32
26 79 299
26 80 260
26 81 296
26 82 178
26 83 294
26 84 231
26 85 21
26 86 12
26 87 142
26 88 272
26 89 236
26 90 190
26 91 233
26 92 26
26 93 126
26 94 14
26 95 163
26 96 198
26 97 54
26 98 276
26 99 143
26 100 191
27 28 186
27 29 209
27 30 31
27 31 225
27 32 293
27 33 143
27 34 220
27 35 274
27 36 262
27 37 141
27 38 118
27 39 209
27 40 283
27 41 112
27 42 27
27 43 191
27 44 249
27 45 195
27 46 27
27 47 266
27 48 136
27 49 49
27 50 67
27 51 167
27 52 213
27 53 25
27 54 174
27 55 300
27 56 133
27 57 86
27 58 132
27 59 225
27 60 260
27 61 262
27 62 151
27 63 195
27 64 44
27 65 149
27 66 16
27 67 183
27 68 258
27 69 161
27 70 223
27 71 130
27 72 264
27 73 15
27 74 83
27 75 289
27 76 18
27 77 190
27 78 139
27 79 215
27 80 55
27 81 245
27 82 212
27 83 67
27 84 61
27 85 254
27 86 278
27 87 125
27 88 190
27 89 22
27 90 195
27 91 269
27 92 33
27 93 174
27 94 38
27 95 36
27 96 146
27 97 210
27 98 258
27 99 57
27 100 200
28 29 54
28 30 173
28 31 224
28 32 299
28 33 52
28 34 224
28 35 12
28 36 259
28 37 139
28 38 55
28 39 52
28 40 259
28 41 56
28 42 176
28 43 159
28 44 67
28 45 81
28 46 82
28 47 212
28 48 125
28 49 131
28 50 102
28 51 80
28 52 60
28 53 154
28 54 73
28 55 253
28 56 26
28 57 235
28 58 209
28 59 30
28 60 226
28 61 265
28 62 185
28 63 34
28 64 160
28 65 122
28 66 100
28 67 13
28 68 288
28 69 229
28 70 227
28 71 273
28 72 31
28 73 120
28 74 153
28 75 89
28 76 294
28 77 160
28 78 36
28 79 178
28 80 65
28 81 123
28 82 70
28 83 59
28 84 61
28 85 123
28 86 23
28 87 226
28 88 271
28 89 142
28 90 120
28 91 94
28 92 106
28 93 169
28 94 160
28 95 229
28 96 140
28 97 42
28 98 136
28 99 113
28 100 36
29 30 20
29 31 242
29 32 226
29 33 208
29 34 299
29 35 175
29 36 205
29 37 73
29 38 293
29 39 162
29 40 218
29 41 27
29 42 203
29 43 93
29 44 280
29 45 118
29 46 187
29 47 263
29 48 45
29 49 171
29 50 257
29 51 154
29 52 130
29 53 79
29 54 251
29 55 94
29 56 234
29 57 124
29 58 245
29 59 88
29 60 282
29 61 146
29 62 51
29 63 64
29 64 23
29 65 100
29 66 279
29 67 271
29 68 10
29 69 152
29 70 213
29 71 266
29 72 136
29 73 262
29 74 81
29 75 299
29 76 233
29 77 76
29 78 206
29 79 66
29 80 255
29 81 210
29 82 135
29 83 105
29 84 53
29 85 107
29 86 122
29 87 189
29 88 258
29 89 78
29 90 17
29 91 228
29 92 232
29 93 33
29 94 54
29 95 184
29 96 268
29 97 24
29 98 154
29 99 119
29 100 57
30 31 110
30 32 81
30 33 192
30 34 159
30 35 135
30 36 259
30 37 135
30 38 125
30 39 105
30 40 73
30 41 287
30 42 274
30 43 21
30 44 17
30 45 292
30 46 109
30 47 209
30 48 171
30 49 140
30 50 126
30 51 161
30 52 209
30 53 202
30 54 201
30 55 198
30 56 256
30 57 79
30 58 95
30 59 108
30 60 207
30 61 60
30 62 219
30 63 68
30 64 68
30 65 166
30 66 187
30 67 235
30 68 43
30 69 163
30 70 61
30 71 22
30 72 265
30 73 74
30 74 232
30 75 153
30 76 148
30 77 46
30 78 139
30 79 62
30 80 59
30 81 258
30 82 119
30 83 203
30 84 35
30 85 237
30 86 164
30 87 86
30 88 260
30 89 47
30 90 84
30 91 249
30 92 220
30 93 20
30 94 53
30 95 286
30 96 79
30 97 134
30 98 171
30 99 76
30 100 149
31 32 170
31 33 207
31 34 42
31 35 159
31 36 58
31 37 32
31 38 123
31 39 108
31 40 285
31 41 201
31 42 252
31 43 32
31 44 62
31 45 34
31 46 28
31 47 165
31 48 145
31 49 216
31 50 167
31 51 212
31 52 188
31 53 172
31 54 97
31 55 234
31 56 60
31 57 211
31 58 145
31 59 145
31 60 65
31 61 209
31 62 175
31 63 269
31 64 249
31 65 293
31 66 249
31 67 185
31 68 216
31 69 178
31 70 224
31 71 186
31 72 57
31 73 175
31 74 245
31 75 232
31 76 138
31 77 92
31 78 70
31 79 234
31 80 261
31 81 86
31 82 36
31 83 161
31 84 272
31 85 266
31 86 249
31 87 268
31 88 80
31 89 198
31 90 126
31 91 292
31 92 38
31 93 51
31 94 284
31 95 66
31 96 100
31 97 212
31 98 296
31 99 87
31 100 28
32 33 59
32 34 236
32 35 160
32 36 280
32 37 212
32 38 19
32 39 158
32 40 76
32 41 278
32 42 145
32 43 285
32 44 164
32 45 266
32 46 173
32 47 269
32 48 297
32 49 97
32 50 243
32 51 148
32 52 103
32 53 22
32 54 269
32 55 65
32 56 197
32 57 84
32 58 50
32 59 273
32 60 19
32 61 292
32 62 183
32 63 189
32 64 92
32 65 181
32 66 114
32 67 115
32 68 299
32 69 205
32 70 26
32 71 56
32 72 240
32 73 283
32 74 55
32 75 251
32 76 236
32 77 263
32 78 125
32 79 264
32 80 40
32 81 74
32 82 100
32 83 202
32 84 44
32 85 237
32 86 58
32 87 108
32 88 273
32 89 59
32 90 236
32 91 285
32 92 36
32 93 270
32 94 245
32 95 215
32 96 289
32 97 113
32 98 170
32 99 198
32 100 54
33 34 174
33 35 248
33 36 228
33 37 215
33 38 244
33 39 235
33 40 88
33 41 267
33 42 145
33 43 34
33 44 186
33 45 190
33 46 42
33 47 69
33 48 230
33 49 129
33 50 184
33 51 204
33 52 153
33 53 30
33 54 194
33 55 127
33 56 130
33 57 89
33 58 240
33 59 227
33 60 203
33 61 265
33 62 228
33 63 115
33 64 157
33 65 229
33 66 28
33 67 106
33 68 141
33 69 268
33 70 196
33 71 94
33 72 117
33 73 136
33 74 10
33 75 219
33 76 206
33 77 116
33 78 221
33 79 166
33 80 205
33 81 16
33 82 187
33 83 47
33 84 137
33 85 43
33 86 169
33 87 167
33 88 175
33 89 111
33 90 153
33 91 258
33 92 217
33 93 124
33 94 160
33 95 292
33 96 93
33 97 215
33 98 91
33 99 232
33 100 179
34 35 28
34 36 225
34 37 98
34 38 11
34 39 150
34 40 212
34 41 297
34 42 173
34 43 218
34 44 94
34 45 74
34 46 235
34 47 184
34 48 37
34 49 83
34 50 157
34 51 151
34 52 169
34 53 46
34 54 13
34 55 192
34 56 267
34 57 23
34 58 281
34 59 116
34 60 77
34 61 97
34 62 157
34 63 100
34 64 277
34 65 24
34 66 21
34 67 185
34 68 28
34 69 184
34 70 179
34 71 77
34 72 197
34 73 271
34 74 212
34 75 58
34 76 164
34 77 249
34 78 41
34 79 248
34 80 43
34 81 52
34 82 132
34 83 223
34 84 104
34 85 171
34 86 29
34 87 165
34 88 121
34 89 276
34 90 277
34 91 30
34 92 185
34 93 230
34 94 47
34 95 164
34 96 52
34 97 102
34 98 67
34 99 243
34 100 207
35 36 137
35 37 39
35 38 65
35 39 240
35 40 15
35 41 169
35 42 278
35 43 271
35 44 139
35 45 243
35 46 226
35 47 205
35 48 76
35 49 233
35 50 178
35 51 130
35 52 194
35 53 71
35 54 212
35 55 232
35 56 293
35 57 62
35 58 11
35 59 59
35 60 147
35 61 178
35 62 28
35 63 223
35 64 135
35 65 110
35 66 268
35 67 238
35 68 277
35 69 12
35 70 182
35 71 292
35 72 84
35 73 124
35 74 291
35 75 174
35 76 194
35 77 76
35 78 137
35 79 202
35 80 36
35 81 284
35 82 71
35 83 278
35 84 207
35 85 154
35 86 241
35 87 93
35 88 207
35 89 125
35 90 178
35 91 251
35 92 168
35 93 237
35 94 108
35 95 131
35 96 176
35 97 255
35 98 247
35 99 228
35 100 202
36 37 262
36 38 143
36 39 132
36 40 299
36 41 281
36 42 39
36 43 76
36 44 21
36 45 287
36 46 20
36 47 212
36 48 47
36 49 51
36 50 46
36 51 59
36 52 128
36 53 120
36 54 163
36 55 228
36 56 53
36 57 255
36 58 202
36 59 72
36 60 129
36 61 259
36 62 42
36 63 255
36 64 74
36 65 58
36 66 50
36 67 162
36 68 190
36 69 74
36 70 227
36 71 267
36 72 147
36 73 163
36 74 61
36 75 114
36 76 15
36 77 124
36 78 135
36 79 249
36 80 263
36 81 257
36 82 112
36 83 65
36 84 50
36 85 90
36 86 176
36 87 122
36 88 56
36 89 201
36 90 251
36 91 283
36 92 96
36 93 73
36 94 121
36 95 130
36 96 263
36 97 175
36 98 294
36 99 90
36 100 154
37 38 84
37 39 198
37 40 131
37 41 263
37 42 103
37 43 114
37 44 30
37 45 47
37 46 170
37 47 134
37 48 109
37 49 46
37 50 27
37 51 117
37 52 207
37 53 275
37 54 119
37 55 216
37 56 280
37 57 174
37 58 93
37 59 179
37 60 183
37 61 294
37 62 203
37 63 262
37 64 225
37 65 234
37 66 20
37 67 70
37 68 267
37 69 95
37 70 16
37 71 186
37 72 47
37 73 285
37 74 148
37 75 82
37 76 47
37 77 134
37 78 160
37 79 148
37 80 202
37 81 75
37 82 216
37 83 91
37 84 80
37 85 50
37 86 226
37 87 198
37 88 117
37 89 168
37 90 117
37 91 288
37 92 232
37 93 129
37 94 112
37 95 36
37 96 33
37 97 216
37 98 82
37 99 188
37 100 104
38 39 94
38 40 24
38 41 132
38 42 17
38 43 291
38 44 30
38 45 79
38 46 236
38 47 245
38 48 233
38 49 176
38 50 82
38 51 179
38 52 35
38 53 111
38 54 102
38 55 239
38 56 216
38 57 188
38 58 75
38 59 185
38 60 185
38 61 160
38 62 15
38 63 70
38 64 129
38 65 203
38 66 108
38 67 40
38 68 163
38 69 277
38 70 62
38 71 122
38 72 148
38 73 148
38 74 247
38 75 295
38 76 222
38 77 84
38 78 148
38 79 124
38 80 103
38 81 243
38 82 246
38 83 225
38 84 197
38 85 236
38 86 278
38 87 40
38 88 179
38 89 107
38 90 215
38 91 85
38 92 249
38 93 190
38 94 208
38 95 155
38 96 175
38 97 262
38 98 263
38 99 124
38 100 205
39 40 24
39 41 290
39 42 275
39 43 59
39 44 205
39 45 76
39 46 203
39 47 173
39 48 295
39 49 43
39 50 81
39 51 172
39 52 253
39 53 143
39 54 63
39 55 39
39 56 131
39 57 283
39 58 248
39 59 261
39 60 285
39 61 128
39 62 252
39 63 40
39 64 16
39 65 116
39 66 105
39 67 157
39 68 112
39 69 200
39 70 26
39 71 187
39 72 60
39 73 125
39 74 18
39 75 300
39 76 221
39 77 133
39 78 205
39 79 274
39 80 233
39 81 227
39 82 255
39 83 286
39 84 95
39 85 104
39 86 39
39 87 216
39 88 244
39 89 81
39 90 238
39 91 261
39 92 85
39 93 91
39 94 25
39 95 56
39 96 208
39 97 120
39 98 199
39 99 124
39 100 24
40 41 187
40 42 76
40 43 31
40 44 45
40 45 32
40 46 159
40 47 114
40 48 20
40 49 126
40 50 89
40 51 53
40 52 233
40 53 290
40 54 208
40 55 98
40 56 219
40 57 199
40 58 221
40 59 127
40 60 54
40 61 78
40 62 19
40 63 174
40 64 252
40 65 256
40 66 192
40 67 121
40 68 37
40 69 267
40 70 121
40 71 117
40 72 94
40 73 240
40 74 258
40 75 157
40 76 262
40 77 141
40 78 193
40 79 277
40 80 169
40 81 157
40 82 50
40 83 57
40 84 214
40 85 229
40 86 229
40 87 165
40 88 11
40 89 270
40 90 153
40 91 93
40 92 80
40 93 186
40 94 150
40 95 267
40 96 244
40 97 165
40 98 55
40 99 155
40 100 72
41 42 46
41 43 152
41 44 168
41 45 165
41 46 24
41 47 256
41 48 126
41 49 226
41 50 249
41 51 244
41 52 10
41 53 187
41 54 46
41 55 274
41 56 56
41 57 52
41 58 289
41 59 244
41 60 249
41 61 277
41 62 241
41 63 291
41 64 261
41 65 278
41 66 285
41 67 278
41 68 57
41 69 172
41 70 208
41 71 26
41 72 199
41 73 196
41 74 121
41 75 13
41 76 42
41 77 158
41 78 29
41 79 89
41 80 288
41 81 31
41 82 88
41 83 234
41 84 111
41 85 188
41 86 291
41 87 145
41 88 217
41 89 228
41 90 236
41 91 293
41 92 157
41 93 136
41 94 156
41 95 163
41 96 135
41 97 109
41 98 154
41 99 284
41 100 133
42 43 244
42 44 279
42 45 52
42 46 155
42 47 157
42 48 72
42 49 82
42 50 160
42 51 271
42 52 200
42 53 45
42 54 268
42 55 99
42 56 85
42 57 224
42 58 144
42 59 62
42 60 216
42 61 281
42 62 99
42 63 221
42 64 237
42 65 53
42 66 119
42 67 187
42 68 207
42 69 181
42 70 298
42 71 76
42 72 263
42 73 122
42 74 232
42 75 72
42 76 144
42 77 166
42 78 133
42 79 120
42 80 221
42 81 260
42 82 131
42 83 200
42 84 120
42 85 269
42 86 195
42 87 274
42 88 120
42 89 119
42 90 76
42 91 51
42 92 36
42 93 63
42 94 43
42 95 282
42 96 280
42 97 100
42 98 281
42 99 244
42 100 116
43 44 236
43 45 297
43 46 274
43 47 110
43 48 32
43 49 60
43 50 282
43 51 21
43 52 183
43 53 255
43 54 60
43 55 159
43 56 47
43 57 130
43 58 292
43 59 102
43 60 143
43 61 259
43 62 40
43 63 277
43 64 68
43 65 261
43 66 50
43 67 143
43 68 147
43 69 117
43 70 222
43 71 257
43 72 245
43 73 171
43 74 257
43 75 276
43 76 110
43 77 259
43 78 15
43 79 237
43 80 186
43 81 39
43 82 231
43 83 168
43 84 254
43 85 22
43 86 292
43 87 216
43 88 103
43 89 121
43 90 66
43 91 102
43 92 259
43 93 237
43 94 115
43 95 290
43 96 67
43 97 110
43 98 161
43 99 146
43 100 103
44 45 11
44 46 86
44 47 81
44 48 253
44 49 283
44 50 57
44 51 140
44 52 95
44 53 123
44 54 16
44 55 253
44 56 216
44 57 39
44 58 67
44 59 279
44 60 222
44 61 123
44 62 125
44 63 18
44 64 179
44 65 283
44 66 269
44 67 194
44 68 225
44 69 254
44 70 25
44 71 297
44 72 240
44 73 163
44 74 52
44 75 82
44 76 177
44 77 293
44 78 104
44 79 236
44 80 242
44 81 100
44 82 79
44 83 224
44 84 225
44 85 148
44 86 39
44 87 188
44 88 43
44 89 267
44 90 134
44 91 115
44 92 263
44 93 28
44 94 68
44 95 246
44 96 106
44 97 139
44 98 250
44 99 155
44 100 182
45 46 57
45 47 285
45 48 255
45 49 298
45 50 87
45 51 120
45 52 60
45 53 243
45 54 90
45 55 224
45 56 285
45 57 161
45 58 33
45 59 33
45 60 94
45 61 295
45 62 38
45 63 146
45 64 152
45 65 176
45 66 84
45 67 70
45 68 259
45 69 36
45 70 115
45 71 37
45 72 178
45 73 272
45 74 163
45 75 249
45 76 228
45 77 108
45 78 67
45 79 31
45 80 22
45 81 28
45 82 207
45 83 93
45 84 29
45 85 154
45 86 69
45 87 168
45 88 206
45 89 14
45 90 230
45 91 131
45 92 178
45 93 72
45 94 170
45 95 21
45 96 197
45 97 53
45 98 253
45 99 113
45 100 93
46 47 249
46 48 195
46 49 204
46 50 76
46 51 184
46 52 240
46 53 276
46 54 180
46 55 241
46 56 191
46 57 61
46 58 294
46 59 259
46 60 266
46 61 285
46 62 24
46 63 98
46 64 130
46 65 215
46 66 47
46 67 262
46 68 155
46 69 216
46 70 124
46 71 202
46 72 64
46 73 95
46 74 191
46 75 268
46 76 111
46 77 18
46 78 246
46 79 111
46 80 269
46 81 250
46 82 129
46 83 140
46 84 195
46 85 292
46 86 195
46 87 86
46 88 56
46 89 55
46 90 248
46 91 167
46 92 84
46 93 48
46 94 172
46 95 288
46 96 70
46 97 83
46 98 294
46 99 164
46 100 151
47 48 50
47 49 200
47 50 153
47 51 285
47 52 217
47 53 196
47 54 199
47 55 226
47 56 293
47 57 209
47 58 118
47 59 297
47 60 148
47 61 247
47 62 232
47 63 96
47 64 258
47 65 277
47 66 107
47 67 31
47 68 297
47 69 144
47 70 154
47 71 195
47 72 201
47 73 283
47 74 38
47 75 237
47 76 144
47 77 291
47 78 87
47 79 298
47 80 99
47 81 156
47 82 220
47 83 213
47 84 227
47 85 202
47 86 41
47 87 28
47 88 90
47 89 260
47 90 67
47 91 85
47 92 111
47 93 299
47 94 202
47 95 26
47 96 279
47 97 78
47 98 60
47 99 50
47 100 240
48 49 277
48 50 238
48 51 127
48 52 162
48 53 286
48 54 164
48 55 55
48 56 270
48 57 269
48 58 52
48 59 228
48 60 235
48 61 226
48 62 146
48 63 32
48 64 299
48 65 130
48 66 168
48 67 54
48 68 75
48 69 19
48 70 26
48 71 37
48 72 30
48 73 219
48 74 28
48 75 207
48 76 140
48 77 172
48 78 269
48 79 64
48 80 276
48 81 213
48 82 214
48 83 251
48 84 209
48 85 30
48 86 184
48 87 104
48 88 57
48 89 276
48 90 132
48 91 215
48 92 119
48 93 92
48 94 153
48 95 154
48 96 236
48 97 177
48 98 67
48 99 175
48 100 283
49 50 112
49 51 282
49 52 168
49 53 296
49 54 208
49 55 230
49 56 247
49 57 104
49 58 92
49 59 252
49 60 231
49 61 59
49 62 249
49 63 291
49 64 266
49 65 150
49 66 166
49 67 259
49 68 114
49 69 274
49 70 100
49 71 158
49 72 189
49 73 178
49 74 85
49 75 48
49 76 53
49 77 152
49 78 239
49 79 187
49 80 91
49 81 167
49 82 37
49 83 185
49 84 269
49 85 74
49 86 251
49 87 43
49 88 85
49 89 140
49 90 125
49 91 130
49 92 194
49 93 15
49 94 129
49 95 55
49 96 247
49 97 83
49 98 40
49 99 253
49 100 249
50 51 279
50 52 105
50 53 285
50 54 234
50 55 51
50 56 76
50 57 49
50 58 65
50 59 147
50 60 48
50 61 100
50 62 72
50 63 195
50 64 65
50 65 292
50 66 130
50 67 298
50 68 42
50 69 145
50 70 212
50 71 128
50 72 164
50 73 156
50 74 165
50 75 52
50 76 84
50 77 21
50 78 29
50 79 67
50 80 92
50 81 112
50 82 218
50 83 34
50 84 194
50 85 299
50 86 34
50 87 45
50 88 14
50 89 134
50 90 90
50 91 154
50 92 112
50 93 152
50 94 164
50 95 159
50 96 196
50 97 109
50 98 62
50 99 290
50 100 145
51 52 136
51 53 277
51 54 199
51 55 269
51 56 118
51 57 46
51 58 299
51 59 130
51 60 72
51 61 165
51 62 208
51 63 216
51 64 56
51 65 19
51 66 154
51 67 32
51 68 131
51 69 250
51 70 144
51 71 115
51 72 48
51 73 51
51 74 259
51 75 211
51 76 164
51 77 145
51 78 30
51 79 58
51 80 229
51 81 240
51 82 114
51 83 153
51 84 78
51 85 57
51 86 19
51 87 273
51 88 142
51 89 109
51 90 294
51 91 191
51 92 217
51 93 43
51 94 26
51 95 273
51 96 64
51 97 246
51 98 176
51 99 280
51 100 237
52 53 42
52 54 138
52 55 200
52 56 206
52 57 17
52 58 210
52 59 200
52 60 39
52 61 51
52 62 236
52 63 267
52 64 233
52 65 162
52 66 283
52 67 212
52 68 161
52 69 99
52 70 176
52 71 50
52 72 238
52 73 288
52 74 111
52 75 50
52 76 247
52 77 80
52 78 283
52 79 146
52 80 276
52 81 162
52 82 259
52 83 55
52 84 217
52 85 170
52 86 72
52 87 67
52 88 248
52 89 227
52 90 295
52 91 100
52 92 290
52 93 108
52 94 160
52 95 222
52 96 49
52 97 130
52 98 86
52 99 137
52 100 18
53 54 58
53 55 146
53 56 300
53 57 236
53 58 162
53 59 12
53 60 32
53 61 87
53 62 160
53 63 40
53 64 231
53 65 169
53 66 133
53 67 265
53 68 246
53 69 209
53 70 123
53 71 133
53 72 157
53 73 195
53 74 183
53 75 248
53 76 169
53 77 228
53 78 43
53 79 197
53 80 219
53 81 289
53 82 59
53 83 53
53 84 149
53 85 14
53 86 298
53 87 28
53 88 198
53 89 16
53 90 177
53 91 156
53 92 95
53 93 280
53 94 237
53 95 117
53 96 41
53 97 120
53 98 46
53 99 92
53 100 176
54 55 115
54 56 75
54 57 185
54 58 52
54 59 194
54 60 168
54 61 73
54 62 128
54 63 210
54 64 76
54 65 254
54 66 230
54 67 181
54 68 161
54 69 226
54 70 112
54 71 50
54 72 236
54 73 22
54 74 57
54 75 151
54 76 59
54 77 288
54 78 71
54 79 263
54 80 13
54 81 91
54 82 196
54 83 171
54 84 201
54 85 105
54 86 164
54 87 98
54 88 71
54 89 261
54 90 146
54 91 170
54 92 140
54 93 208
54 94 261
54 95 250
54 96 223
54 97 220
54 98 209
54 99 150
54 100 214
55 56 292
55 57 74
55 58 290
55 59 177
55 60 41
55 61 88
55 62 215
55 63 58
55 64 42
55 65 289
55 66 58
55 67 77
55 68 114
55 69 231
55 70 74
55 71 175
55 72 253
55 73 125
55 74 176
55 75 83
55 76 292
55 77 297
55 78 292
55 79 155
55 80 42
55 81 174
55 82 235
55 83 282
55 84 193
55 85 13
55 86 191
55 87 105
55 88 225
55 89 55
55 90 296
55 91 268
55 92 161
55 93 186
55 94 242
55 95 284
55 96 107
55 97 203
55 98 50
55 99 253
55 100 72
56 57 81
56 58 102
56 59 300
56 60 40
56 61 45
56 62 58
56 63 199
56 64 42
56 65 168
56 66 146
56 67 223
56 68 227
56 69 163
56 70 73
56 71 188
56 72 202
56 73 236
56 74 10
56 75 194
56 76 51
56 77 132
56 78 166
56 79 278
56 80 57
56 81 253
56 82 26
56 83 108
56 84 48
56 85 55
56 86 114
56 87 21
56 88 186
56 89 112
56 90 84
56 91 274
56 92 150
56 93 204
56 94 98
56 95 208
56 96 244
56 97 16
56 98 171
56 99 72
56 100 271
57 58 295
57 59 140
57 60 21
57 61 112
57 62 144
57 63 117
57 64 38
57 65 116
57 66 198
57 67 219
57 68 51
57 69 225
57 70 144
57 71 277
57 72 244
57 73 150
57 74 242
57 75 147
57 76 114
57 77 264
57 78 151
57 79 93
57 80 289
57 81 264
57 82 26
57 83 95
57 84 248
57 85 204
57 86 277
57 87 113
57 88 91
57 89 71
57 90 152
57 91 233
57 92 24
57 93 220
57 94 215
57 95 148
57 96 147
57 97 67
57 98 90
57 99 68
57 100 82
58 59 94
58 60 164
58 61 272
58 62 46
58 63 110
58 64 72
58 65 138
58 66 278
58 67 26
58 68 230
58 69 228
58 70 136
58 71 38
58 72 138
58 73 151
58 74 84
58 75 200
58 76 68
58 77 97
58 78 163
58 79 35
58 80 115
58 81 199
58 82 297
58 83 34
58 84 208
58 85 111
58 86 150
58 87 283
58 88 156
58 89 26
58 90 291
58 91 45
58 92 171
58 93 259
58 94 133
58 95 74
58 96 250
58 97 197
58 98 265
58 99 25
58 100 109
59 60 274
59 61 109
59 62 287
59 63 293
59 64 228
59 65 132
59 66 202
59 67 131
59 68 122
59 69 28
59 70 162
59 71 23
59 72 146
59 73 134
59 74 260
59 75 171
59 76 286
59 77 223
59 78 141
59 79 113
59 80 178
59 81 132
59 82 136
59 83 33
59 84 60
59 85 31
59 86 201
59 87 131
59 88 32
59 89 161
59 90 142
59 91 234
59 92 78
59 93 275
59 94 298
59 95 158
59 96 129
59 97 187
59 98 155
59 99 183
59 100 290
60 61 182
60 62 246
60 63 99
60 64 153
60 65 123
60 66 282
60 67 224
60 68 234
60 69 54
60 70 15
60 71 279
60 72 72
60 73 227
60 74 60
60 75 88
60 76 110
60 77 65
60 78 251
60 79 237
60 80 38
60 81 185
60 82 19
60 83 42
60 84 61
60 85 274
60 86 276
60 87 126
60 88 205
60 89 71
60 90 189
60 91 154
60 92 129
60 93 293
60 94 126
60 95 208
60 96 262
60 97 158
60 98 114
60 99 68
60 100 155
61 62 14
61 63 11
61 64 185
61 65 298
61 66 265
61 67 164
61 68 283
61 69 261
61 70 280
61 71 20
61 72 73
61 73 60
61 74 214
61 75 21
61 76 225
61 77 15
61 78 153
61 79 188
61 80 40
61 81 55
61 82 227
61 83 211
61 84 131
61 85 49
61 86 263
61 87 249
61 88 240
61 89 52
61 90 185
61 91 207
61 92 141
61 93 117
61 94 286
61 95 239
61 96 202
61 97 254
61 98 84
61 99 13
61 100 184
62 63 222
62 64 12
62 65 241
62 66 167
62 67 105
62 68 259
62 69 50
62 70 282
62 71 224
62 72 49
62 73 62
62 74 171
62 75 33
62 76 170
62 77 164
62 78 66
62 79 95
62 80 78
62 81 245
62 82 42
62 83 167
62 84 189
62 85 58
62 86 114
62 87 132
62 88 147
62 89 85
62 90 59
62 91 35
62 92 123
62 93 99
62 94 166
62 95 46
62 96 148
62 97 57
62 98 234
62 99 32
62 100 145
63 64 81
63 65 228
63 66 23
63 67 191
63 68 55
63 69 165
63 70 180
63 71 37
63 72 52
63 73 36
63 74 231
63 75 136
63 76 264
63 77 190
63 78 28
63 79 93
63 80 77
63 81 254
63 82 39
63 83 201
63 84 229
63 85 180
63 86 272
63 87 167
63 88 179
63 89 53
63 90 185
63 91 11
63 92 271
63 93 185
63 94 275
63 95 23
63 96 201
63 97 293
63 98 113
63 99 74
63 100 103
64 65 170
64 66 86
64 67 239
64 68 110
64 69 113
64 70 273
64 71 189
64 72 284
64 73 238
64 74 276
64 75 276
64 76 295
64 77 39
64 78 267
64 79 251
64 80 260
64 81 187
64 82 174
64 83 146
64 84 296
64 85 223
64 86 238
64 87 225
64 88 232
64 89 273
64 90 201
64 91 286
64 92 170
64 93 134
64 94 176
64 95 279
64 96 57
64 97 187
64 98 83
64 99 182
64 100 205
65 66 99
65 67 132
65 68 154
65 69 85
65 70 285
65 71 236
65 72 158
65 73 183
65 74 236
65 75 90
65 76 27
65 77 61
65 78 23
65 79 52
65 80 224
65 81 136
65 82 260
65 83 149
65 84 71
65 85 127
65 86 146
65 87 83
65 88 25
65 89 182
65 90 155
65 91 212
65 92 55
65 93 146
65 94 180
65 95 11
65 96 64
65 97 88
65 98 185
65 99 41
65 100 168
66 67 170
66 68 200
66 69 249
66 70 65
66 71 297
66 72 232
66 73 129
66 74 156
66 75 176
66 76 193
66 77 195
66 78 60
66 79 300
66 80 252
66 81 116
66 82 232
66 83 269
66 84 52
66 85 148
66 86 53
66 87 234
66 88 257
66 89 94
66 90 43
66 91 18
66 92 246
66 93 58
66 94 86
66 95 254
66 96 243
66 97 49
66 98 276
66 99 300
66 100 117
67 68 200
67 69 258
67 70 199
67 71 71
67 72 138
67 73 158
67 74 126
67 75 172
67 76 244
67 77 140
67 78 99
67 79 257
67 80 187
67 81 73
67 82 278
67 83 196
67 84 26
67 85 71
67 86 251
67 87 76
67 88 155
67 89 11
67 90 175
67 91 279
67 92 94
67 93 218
67 94 234
67 95 23
67 96 167
67 97 104
67 98 253
67 99 148
67 100 36
68 69 252
68 70 197
68 71 136
68 72 249
68 73 153
68 74 217
68 75 59
68 76 291
68 77 239
68 78 255
68 79 61
68 80 260
68 81 142
68 82 184
68 83 217
68 84 118
68 85 269
68 86 192
68 87 60
68 88 135
68 89 100
68 90 91
68 91 289
68 92 115
68 93 266
68 94 139
68 95 261
68 96 175
68 97 298
68 98 242
68 99 299
68 100 30
69 70 125
69 71 71
69 72 275
69 73 182
69 74 266
69 75 215
69 76 270
69 77 182
69 78 159
69 79 54
69 80 293
69 81 58
69 82 249
69 83 107
69 84 294
69 85 78
69 86 283
69 87 20
69 88 11
69 89 288
69 90 290
69 91 115
69 92 138
69 93 132
69 94 277
69 95 229
69 96 195
69 97 90
69 98 212
69 99 233
69 100 158
70 71 208
70 72 172
70 73 63
70 74 274
70 75 241
70 76 189
70 77 45
70 78 126
70 79 64
70 80 143
70 81 80
70 82 194
70 83 250
70 84 81
70 85 128
70 86 147
70 87 265
70 88 281
70 89 187
70 90 247
70 91 224
70 92 296
70 93 111
70 94 299
70 95 225
70 96 49
70 97 194
70 98 11
70 99 233
70 100 284
71 72 127
71 73 299
71 74 14
71 75 191
71 76 206
71 77 246
71 78 95
71 79 31
71 80 263
71 81 66
71 82 120
71 83 294
71 84 236
71 85 31
71 86 91
71 87 267
71 88 224
71 89 85
71 90 133
71 91 37
71 92 239
71 93 48
71 94 70
71 95 264
71 96 190
71 97 39
71 98 292
71 99 98
71 100 107
72 73 247
72 74 240
72 75 88
72 76 274
72 77 31
72 78 278
72 79 265
72 80 110
72 81 239
72 82 72
72 83 69
72 84 155
72 85 93
72 86 226
72 87 41
72 88 101
72 89 80
72 90 226
72 91 80
72 92 10
72 93 54
72 94 131
72 95 263
72 96 102
72 97 113
72 98 105
72 99 14
72 100 34
73 74 87
73 75 181
73 76 82
73 77 183
73 78 229
73 79 186
73 80 154
73 81 50
73 82 123
73 83 106
73 84 227
73 85 128
73 86 182
73 87 111
73 88 37
73 89 128
73 90 132
73 91 293
73 92 37
73 93 179
73 94 136
73 95 51
73 96 216
73 97 149
73 98 120
73 99 181
73 100 160
74 75 219
74 76 49
74 77 250
74 78 69
74 79 276
74 80 13
74 81 233
74 82 116
74 83 191
74 84 160
74 85 144
74 86 212
74 87 92
74 88 157
74 89 258
74 90 73
74 91 273
74 92 85
74 93 213
74 94 31
74 95 13
74 96 10
74 97 193
74 98 184
74 99 48
74 100 291
75 76 67
75 77 57
75 78 60
75 79 29
75 80 287
75 81 12
75 82 82
75 83 238
75 84 236
75 85 226
75 86 235
75 87 153
75 88 18
75 89 167
75 90 64
75 91 148
75 92 259
75 93 161
75 94 223
75 95 277
75 96 278
75 97 99
75 98 248
75 99 84
75 100 155
76 77 245
76 78 283
76 79 212
76 80 17
76 81 274
76 82 174
76 83 171
76 84 145
76 85 91
76 86 257
76 87 259
76 88 168
76 89 278
76 90 234
76 91 116
76 92 259
76 93 216
76 94 155
76 95 151
76 96 296
76 97 277
76 98 288
76 99 101
76 100 235
77 78 119
77 79 17
77 80 287
77 81 119
77 82 274
77 83 185
77 84 68
77 85 221
77 86 12
77 87 169
77 88 231
77 89 196
77 90 57
77 91 147
77 92 170
77 93 143
77 94 239
77 95 174
77 96 12
77 97 50
77 98 120
77 99 24
77 100 132
78 79 63
78 80 118
78 81 287
78 82 274
78 83 217
78 84 49
78 85 31
78 86 258
78 87 248
78 88 146
78 89 182
78 90 257
78 91 276
78 92 238
78 93 59
78 94 93
78 95 100
78 96 277
78 97 89
78 98 202
78 99 281
78 100 32
79 80 132
79 81 121
79 82 43
79 83 98
79 84 218
79 85 69
79 86 244
79 87 121
79 88 263
79 89 65
79 90 20
79 91 20
79 92 93
79 93 21
79 94 272
79 95 155
79 96 64
79 97 74
79 98 268
79 99 14
79 100 249
80 81 208
80 82 239
80 83 68
80 84 18
80 85 36
80 86 205
80 87 138
80 88 261
80 89 262
80 90 197
80 91 268
80 92 78
80 93 112
80 94 171
80 95 83
80 96 275
80 97 182
80 98 201
80 99 282
80 100 154
81 82 208
81 83 171
81 84 10
81 85 26
81 86 36
81 87 234
81 88 249
81 89 254
81 90 72
81 91 179
81 92 31
81 93 185
81 94 181
81 95 31
81 96 28
81 97 29
81 98 10
81 99 242
81 100 150
82 83 87
82 84 220
82 85 74
82 86 156
82 87 184
82 88 176
82 89 90
82 90 63
82 91 74
82 92 135
82 93 221
82 94 249
82 95 240
82 96 218
82 97 151
82 98 281
82 99 264
82 100 26
83 84 60
83 85 164
83 86 77
83 87 192
83 88 142
83 89 187
83 90 151
83 91 45
83 92 226
83 93 153
83 94 252
83 95 278
83 96 150
83 97 31
83 98 76
83 99 217
83 100 37
84 85 13
84 86 232
84 87 69
84 88 271
84 89 248
84 90 227
84 91 76
84 92 25
84 93 79
84 94 119
84 95 97
84 96 18
84 97 196
84 98 99
84 99 88
84 100 164
85 86 66
85 87 263
85 88 180
85 89 251
85 90 174
85 91 229
85 92 248
85 93 225
85 94 18
85 95 24
85 96 189
85 97 30
85 98 66
85 99 280
85 100 204
86 87 39
86 88 276
86 89 145
86 90 274
86 91 115
86 92 42
86 93 277
86 94 160
86 95 115
86 96 120
86 97 74
86 98 59
86 99 84
86 100 71
87 88 257
87 89 204
87 90 202
87 91 91
87 92 274
87 93 193
87 94 270
87 95 223
87 96 276
87 97 263
87 98 289
87 99 20
87 100 135
88 89 79
88 90 42
88 91 208
88 92 16
88 93 103
88 94 136
88 95 170
88 96 54
88 97 86
88 98 192
88 99 11
88 100 198
89 90 81
89 91 182
89 92 198
89 93 168
89 94 172
89 95 179
89 96 165
89 97 245
89 98 89
89 99 104
89 100 70
90 91 154
90 92 36
90 93 182
90 94 26
90 95 59
90 96 256
90 97 258
90 98 31
90 99 75
90 100 27
91 92 187
91 93 126
91 94 131
91 95 168
91 96 160
91 97 160
91 98 209
91 99 282
91 100 98
92 93 296
92 94 257
92 95 24
92 96 136
92 97 113
92 98 168
92 99 26
92 100 164
93 94 184
93 95 56
93 96 70
93 97 87
93 98 146
93 99 60
93 100 63
94 95 49
94 96 114
94 97 284
94 98 117
94 99 299
94 100 140
95 96 214
95 97 135
95 98 29
95 99 214
95 100 210
96 97 108
96 98 204
96 99 204
96 100 225
97 98 119
97 99 233
97 100 148
98 99 144
98 100 276
99 100 282
