120   7140
190
71 116 39 143 112 174 37 40 185 89 109 32 36 51 69 105 87 45 48 179 128 161 155 93 41 90 36 42 169 174 168 56 66 76 181 46 143 157 41 143 114 72 98 122 171 165 153 143 172 53 86 95 43 80 165 115 157 110 105 165 84 128 76 147 109 36 114 145 98 34 32 145 88 137 40 82 111 170 39 176 89 53 49 103 83 147 138 30 51 43 150 170 154 147 114 148 183 144 152 111 30 159 98 162 121 168 34 50 66 122 181 120 73 34 55 80 60 86 125 1 2 18
1 3 206
1 4 76
1 5 255
1 6 184
1 7 192
1 8 95
1 9 15
1 10 202
1 11 135
1 12 171
1 13 129
1 14 54
1 15 144
1 16 170
1 17 23
1 18 118
1 19 36
1 20 101
1 21 119
1 22 255
1 23 165
1 24 62
1 25 267
1 26 79
1 27 144
1 28 31
1 29 149
1 30 135
1 31 17
1 32 110
1 33 207
1 34 199
1 35 218
1 36 232
1 37 61
1 38 55
1 39 250
1 40 125
1 41 83
1 42 144
1 43 219
1 44 199
1 45 116
1 46 73
1 47 180
1 48 109
1 49 286
1 50 23
1 51 119
1 52 149
1 53 269
1 54 148
1 55 272
1 56 95
1 57 273
1 58 251
1 59 128
1 60 240
1 61 202
1 62 247
1 63 224
1 64 51
1 65 286
1 66 49
1 67 211
1 68 270
1 69 104
1 70 273
1 71 12
1 72 187
1 73 247
1 74 254
1 75 208
1 76 202
1 77 214
1 78 169
1 79 124
1 80 259
1 81 46
1 82 50
1 83 202
1 84 245
1 85 234
1 86 13
1 87 235
1 88 126
1 89 194
1 90 104
1 91 260
1 92 196
1 93 280
1 94 254
1 95 206
1 96 265
1 97 101
1 98 96
1 99 288
1 100 130
1 101 115
1 102 83
1 103 271
1 104 13
1 105 189
1 106 250
1 107 192
1 108 113
1 109 239
1 110 112
1 111 139
1 112 276
1 113 162
1 114 212
1 115 210
1 116 185
1 117 246
1 118 63
1 119 210
1 120 103
2 3 250
2 4 95
2 5 93
2 6 232
2 7 103
2 8 176
2 9 288
2 10 178
2 11 176
2 12 24
2 13 154
2 14 173
2 15 96
2 16 18
2 17 216
2 18 132
2 19 269
2 20 260
2 21 36
2 22 293
2 23 151
2 24 233
2 25 77
2 26 53
2 27 157
2 28 285
2 29 10
2 30 224
2 31 191
2 32 190
2 33 212
2 34 43
2 35 179
2 36 138
2 37 137
2 38 179
2 39 182
2 40 206
2 41 266
2 42 282
2 43 75
2 44 233
2 45 115
2 46 290
2 47 187
2 48 113
2 49 291
2 50 281
2 51 201
2 52 148
2 53 149
2 54 244
2 55 282
2 56 90
2 57 112
2 58 133
2 59 181
2 60 169
2 61 172
2 62 91
2 63 137
2 64 18
2 65 264
2 66 292
2 67 133
2 68 260
2 69 25
2 70 10
2 71 22
2 72 95
2 73 195
2 74 128
2 75 70
2 76 111
2 77 61
2 78 205
2 79 268
2 80 167
2 81 228
2 82 159
2 83 88
2 84 219
2 85 54
2 86 92
2 87 71
2 88 245
2 89 107
2 90 20
2 91 49
2 92 44
2 93 262
2 94 168
2 95 213
2 96 52
2 97 41
2 98 149
2 99 296
2 100 63
2 101 233
2 102 83
2 103 171
2 104 51
2 105 268
2 106 118
2 107 112
2 108 48
2 109 269
2 110 228
2 111 22
2 112 120
2 113 43
2 114 169
2 115 229
2 116 19
2 117 256
2 118 82
2 119 269
2 120 256
3 4 35
3 5 82
3 6 144
3 7 293
3 8 105
3 9 35
3 10 103
3 11 202
3 12 43
3 13 93
3 14 83
3 15 90
3 16 46
3 17 87
3 18 230
3 19 116
3 20 178
3 21 38
3 22 257
3 23 26
3 24 271
3 25 257
3 26 154
3 27 141
3 28 280
3 29 216
3 30 231
3 31 284
3 32 219
3 33 46
3 34 251
3 35 119
3 36 188
3 37 107
3 38 43
3 39 196
3 40 21
3 41 222
3 42 131
3 43 145
3 44 220
3 45 252
3 46 253
3 47 137
3 48 167
3 49 91
3 50 257
3 51 291
3 52 91
3 53 121
3 54 282
3 55 86
3 56 64
3 57 85
3 58 88
3 59 95
3 60 288
3 61 33
3 62 195
3 63 120
3 64 229
3 65 80
3 66 94
3 67 114
3 68 80
3 69 160
3 70 206
3 71 245
3 72 113
3 73 265
3 74 257
3 75 265
3 76 14
3 77 57
3 78 204
3 79 270
3 80 200
3 81 286
3 82 83
3 83 122
3 84 282
3 85 173
3 86 34
3 87 200
3 88 14
3 89 124
3 90 176
3 91 121
3 92 75
3 93 232
3 94 123
3 95 236
3 96 43
3 97 54
3 98 19
3 99 226
3 100 284
3 101 68
3 102 111
3 103 259
3 104 66
3 105 53
3 106 148
3 107 24
3 108 241
3 109 29
3 110 57
3 111 238
3 112 127
3 113 213
3 114 84
3 115 203
3 116 114
3 117 70
3 118 86
3 119 29
3 120 171
4 5 263
4 6 53
4 7 192
4 8 222
4 9 275
4 10 142
4 11 269
4 12 141
4 13 229
4 14 160
4 15 11
4 16 117
4 17 119
4 18 188
4 19 236
4 20 195
4 21 45
4 22 44
4 23 226
4 24 250
4 25 113
4 26 241
4 27 17
4 28 241
4 29 248
4 30 183
4 31 59
4 32 132
4 33 116
4 34 80
4 35 92
4 36 115
4 37 249
4 38 233
4 39 126
4 40 269
4 41 80
4 42 211
4 43 163
4 44 201
4 45 211
4 46 287
4 47 83
4 48 37
4 49 87
4 50 218
4 51 199
4 52 208
4 53 103
4 54 85
4 55 232
4 56 262
4 57 233
4 58 67
4 59 100
4 60 14
4 61 117
4 62 171
4 63 85
4 64 241
4 65 198
4 66 19
4 67 152
4 68 46
4 69 275
4 70 185
4 71 109
4 72 46
4 73 280
4 74 172
4 75 247
4 76 10
4 77 217
4 78 146
4 79 39
4 80 108
4 81 176
4 82 248
4 83 264
4 84 113
4 85 146
4 86 109
4 87 196
4 88 77
4 89 29
4 90 127
4 91 96
4 92 96
4 93 300
4 94 176
4 95 295
4 96 116
4 97 28
4 98 137
4 99 145
4 100 208
4 101 254
4 102 59
4 103 33
4 104 264
4 105 62
4 106 88
4 107 22
4 108 69
4 109 248
4 110 145
4 111 30
4 112 102
4 113 95
4 114 155
4 115 146
4 116 168
4 117 34
4 118 271
4 119 10
4 120 298
5 6 243
5 7 192
5 8 225
5 9 188
5 10 53
5 11 48
5 12 146
5 13 26
5 14 229
5 15 19
5 16 57
5 17 172
5 18 29
5 19 194
5 20 35
5 21 184
5 22 79
5 23 50
5 24 136
5 25 130
5 26 150
5 27 293
5 28 100
5 29 159
5 30 226
5 31 232
5 32 217
5 33 35
5 34 50
5 35 85
5 36 139
5 37 64
5 38 185
5 39 243
5 40 124
5 41 100
5 42 53
5 43 55
5 44 103
5 45 184
5 46 259
5 47 110
5 48 226
5 49 169
5 50 215
5 51 261
5 52 207
5 53 76
5 54 182
5 55 195
5 56 115
5 57 188
5 58 105
5 59 40
5 60 225
5 61 223
5 62 193
5 63 198
5 64 98
5 65 153
5 66 279
5 67 101
5 68 244
5 69 110
5 70 201
5 71 21
5 72 122
5 73 299
5 74 97
5 75 15
5 76 165
5 77 214
5 78 196
5 79 48
5 80 38
5 81 112
5 82 174
5 83 286
5 84 176
5 85 97
5 86 279
5 87 230
5 88 208
5 89 241
5 90 264
5 91 206
5 92 38
5 93 101
5 94 48
5 95 54
5 96 212
5 97 271
5 98 136
5 99 126
5 100 291
5 101 41
5 102 99
5 103 272
5 104 94
5 105 248
5 106 83
5 107 21
5 108 122
5 109 72
5 110 60
5 111 273
5 112 134
5 113 68
5 114 105
5 115 195
5 116 238
5 117 99
5 118 127
5 119 251
5 120 150
6 7 111
6 8 285
6 9 275
6 10 17
6 11 247
6 12 138
6 13 264
6 14 86
6 15 198
6 16 34
6 17 147
6 18 222
6 19 120
6 20 169
6 21 64
6 22 44
6 23 138
6 24 256
6 25 141
6 26 220
6 27 205
6 28 167
6 29 294
6 30 176
6 31 257
6 32 204
6 33 162
6 34 61
6 35 62
6 36 213
6 37 227
6 38 44
6 39 100
6 40 239
6 41 220
6 42 275
6 43 51
6 44 166
6 45 254
6 46 241
6 47 261
6 48 182
6 49 205
6 50 172
6 51 54
6 52 80
6 53 169
6 54 161
6 55 186
6 56 171
6 57 127
6 58 87
6 59 26
6 60 289
6 61 130
6 62 234
6 63 170
6 64 54
6 65 232
6 66 27
6 67 62
6 68 59
6 69 136
6 70 28
6 71 71
6 72 113
6 73 12
6 74 142
6 75 221
6 76 233
6 77 134
6 78 236
6 79 276
6 80 131
6 81 220
6 82 28
6 83 203
6 84 58
6 85 108
6 86 171
6 87 253
6 88 182
6 89 266
6 90 147
6 91 236
6 92 129
6 93 17
6 94 75
6 95 98
6 96 46
6 97 217
6 98 68
6 99 189
6 100 117
6 101 211
6 102 65
6 103 232
6 104 89
6 105 199
6 106 240
6 107 39
6 108 46
6 109 293
6 110 102
6 111 12
6 112 158
6 113 189
6 114 70
6 115 97
6 116 143
6 117 35
6 118 36
6 119 90
6 120 187
7 8 178
7 9 132
7 10 145
7 11 45
7 12 183
7 13 95
7 14 68
7 15 252
7 16 60
7 17 101
7 18 278
7 19 19
7 20 233
7 21 219
7 22 31
7 23 66
7 24 205
7 25 251
7 26 33
7 27 300
7 28 270
7 29 88
7 30 60
7 31 95
7 32 85
7 33 294
7 34 70
7 35 66
7 36 165
7 37 287
7 38 250
7 39 273
7 40 108
7 41 86
7 42 274
7 43 141
7 44 39
7 45 220
7 46 214
7 47 62
7 48 203
7 49 221
7 50 242
7 51 202
7 52 263
7 53 273
7 54 178
7 55 18
7 56 167
7 57 265
7 58 300
7 59 179
7 60 191
7 61 268
7 62 58
7 63 273
7 64 141
7 65 250
7 66 70
7 67 108
7 68 105
7 69 235
7 70 279
7 71 291
7 72 145
7 73 175
7 74 99
7 75 173
7 76 70
7 77 196
7 78 110
7 79 97
7 80 278
7 81 107
7 82 68
7 83 120
7 84 97
7 85 55
7 86 90
7 87 10
7 88 185
7 89 46
7 90 81
7 91 276
7 92 241
7 93 300
7 94 109
7 95 236
7 96 53
7 97 162
7 98 232
7 99 59
7 100 219
7 101 210
7 102 119
7 103 89
7 104 110
7 105 238
7 106 118
7 107 162
7 108 112
7 109 252
7 110 278
7 111 20
7 112 245
7 113 75
7 114 23
7 115 257
7 116 122
7 117 221
7 118 221
7 119 128
7 120 295
8 9 130
8 10 87
8 11 216
8 12 268
8 13 146
8 14 266
8 15 216
8 16 55
8 17 226
8 18 266
8 19 46
8 20 79
8 21 73
8 22 157
8 23 102
8 24 142
8 25 291
8 26 135
8 27 227
8 28 258
8 29 60
8 30 163
8 31 218
8 32 202
8 33 191
8 34 185
8 35 83
8 36 140
8 37 96
8 38 288
8 39 79
8 40 114
8 41 225
8 42 63
8 43 180
8 44 85
8 45 135
8 46 170
8 47 137
8 48 222
8 49 57
8 50 246
8 51 86
8 52 254
8 53 49
8 54 251
8 55 69
8 56 235
8 57 31
8 58 173
8 59 42
8 60 286
8 61 126
8 62 169
8 63 238
8 64 220
8 65 198
8 66 155
8 67 208
8 68 181
8 69 293
8 70 63
8 71 282
8 72 45
8 73 49
8 74 41
8 75 111
8 76 12
8 77 123
8 78 235
8 79 89
8 80 59
8 81 183
8 82 115
8 83 147
8 84 300
8 85 209
8 86 155
8 87 123
8 88 45
8 89 222
8 90 95
8 91 18
8 92 16
8 93 64
8 94 285
8 95 282
8 96 62
8 97 30
8 98 245
8 99 251
8 100 78
8 101 89
8 102 268
8 103 48
8 104 266
8 105 31
8 106 170
8 107 44
8 108 51
8 109 252
8 110 230
8 111 105
8 112 262
8 113 143
8 114 258
8 115 34
8 116 289
8 117 171
8 118 289
8 119 33
8 120 245
9 10 165
9 11 155
9 12 164
9 13 146
9 14 171
9 15 216
9 16 117
9 17 192
9 18 259
9 19 106
9 20 209
9 21 270
9 22 98
9 23 236
9 24 85
9 25 146
9 26 273
9 27 300
9 28 86
9 29 122
9 30 117
9 31 211
9 32 110
9 33 228
9 34 136
9 35 213
9 36 256
9 37 221
9 38 271
9 39 165
9 40 22
9 41 267
9 42 61
9 43 206
9 44 87
9 45 246
9 46 118
9 47 275
9 48 82
9 49 96
9 50 22
9 51 186
9 52 176
9 53 108
9 54 49
9 55 202
9 56 242
9 57 189
9 58 80
9 59 31
9 60 91
9 61 29
9 62 293
9 63 23
9 64 265
9 65 112
9 66 277
9 67 185
9 68 269
9 69 39
9 70 121
9 71 89
9 72 30
9 73 163
9 74 70
9 75 179
9 76 144
9 77 111
9 78 104
9 79 281
9 80 242
9 81 166
9 82 87
9 83 29
9 84 106
9 85 87
9 86 261
9 87 80
9 88 151
9 89 32
9 90 165
9 91 99
9 92 62
9 93 135
9 94 74
9 95 99
9 96 231
9 97 152
9 98 188
9 99 266
9 100 300
9 101 156
9 102 38
9 103 137
9 104 300
9 105 244
9 106 117
9 107 107
9 108 116
9 109 187
9 110 136
9 111 90
9 112 256
9 113 95
9 114 77
9 115 145
9 116 123
9 117 133
9 118 165
9 119 179
9 120 134
10 11 85
10 12 143
10 13 11
10 14 128
10 15 99
10 16 219
10 17 255
10 18 250
10 19 66
10 20 138
10 21 173
10 22 189
10 23 46
10 24 136
10 25 229
10 26 214
10 27 165
10 28 185
10 29 268
10 30 92
10 31 238
10 32 175
10 33 209
10 34 132
10 35 255
10 36 135
10 37 242
10 38 79
10 39 132
10 40 259
10 41 23
10 42 298
10 43 236
10 44 37
10 45 283
10 46 153
10 47 291
10 48 134
10 49 292
10 50 69
10 51 118
10 52 90
10 53 291
10 54 34
10 55 258
10 56 67
10 57 157
10 58 223
10 59 204
10 60 162
10 61 218
10 62 226
10 63 297
10 64 171
10 65 25
10 66 288
10 67 69
10 68 276
10 69 136
10 70 156
10 71 235
10 72 207
10 73 172
10 74 296
10 75 281
10 76 42
10 77 60
10 78 203
10 79 247
10 80 234
10 81 11
10 82 132
10 83 207
10 84 136
10 85 46
10 86 201
10 87 152
10 88 67
10 89 24
10 90 140
10 91 198
10 92 20
10 93 193
10 94 273
10 95 145
10 96 56
10 97 54
10 98 147
10 99 247
10 100 158
10 101 49
10 102 190
10 103 140
10 104 188
10 105 97
10 106 175
10 107 22
10 108 34
10 109 186
10 110 220
10 111 34
10 112 110
10 113 239
10 114 207
10 115 17
10 116 41
10 117 37
10 118 31
10 119 111
10 120 138
11 12 297
11 13 82
11 14 247
11 15 250
11 16 228
11 17 164
11 18 268
11 19 63
11 20 267
11 21 50
11 22 259
11 23 35
11 24 60
11 25 38
11 26 175
11 27 267
11 28 289
11 29 44
11 30 134
11 31 67
11 32 53
11 33 234
11 34 47
11 35 186
11 36 208
11 37 277
11 38 122
11 39 196
11 40 167
11 41 55
11 42 110
11 43 57
11 44 226
11 45 246
11 46 58
11 47 69
11 48 220
11 49 292
11 50 64
11 51 215
11 52 176
11 53 120
11 54 232
11 55 294
11 56 116
11 57 73
11 58 171
11 59 151
11 60 13
11 61 69
11 62 39
11 63 191
11 64 235
11 65 169
11 66 198
11 67 132
11 68 277
11 69 181
11 70 97
11 71 109
11 72 168
11 73 123
11 74 101
11 75 231
11 76 202
11 77 179
11 78 266
11 79 145
11 80 180
11 81 28
11 82 187
11 83 239
11 84 11
11 85 276
11 86 209
11 87 232
11 88 165
11 89 33
11 90 189
11 91 67
11 92 120
11 93 147
11 94 73
11 95 94
11 96 57
11 97 245
11 98 193
11 99 121
11 100 261
11 101 198
11 102 120
11 103 184
11 104 152
11 105 12
11 106 91
11 107 154
11 108 80
11 109 253
11 110 96
11 111 182
11 112 249
11 113 88
11 114 295
11 115 52
11 116 97
11 117 94
11 118 177
11 119 164
11 120 77
12 13 88
12 14 238
12 15 21
12 16 119
12 17 276
12 18 27
12 19 232
12 20 264
12 21 210
12 22 86
12 23 233
12 24 205
12 25 149
12 26 151
12 27 46
12 28 296
12 29 72
12 30 100
12 31 217
12 32 198
12 33 290
12 34 80
12 35 166
12 36 114
12 37 113
12 38 257
12 39 195
12 40 117
12 41 260
12 42 179
12 43 144
12 44 232
12 45 66
12 46 209
12 47 214
12 48 232
12 49 241
12 50 68
12 51 76
12 52 35
12 53 270
12 54 291
12 55 21
12 56 262
12 57 265
12 58 216
12 59 85
12 60 155
12 61 241
12 62 237
12 63 132
12 64 20
12 65 139
12 66 139
12 67 43
12 68 283
12 69 46
12 70 48
12 71 136
12 72 54
12 73 264
12 74 168
12 75 182
12 76 72
12 77 266
12 78 35
12 79 234
12 80 210
12 81 252
12 82 91
12 83 238
12 84 96
12 85 39
12 86 33
12 87 67
12 88 127
12 89 255
12 90 95
12 91 255
12 92 128
12 93 143
12 94 49
12 95 126
12 96 136
12 97 50
12 98 83
12 99 258
12 100 268
12 101 288
12 102 48
12 103 281
12 104 215
12 105 139
12 106 225
12 107 93
12 108 12
12 109 235
12 110 60
12 111 15
12 112 13
12 113 218
12 114 124
12 115 228
12 116 89
12 117 92
12 118 93
12 119 223
12 120 58
13 14 155
13 15 33
13 16 265
13 17 50
13 18 168
13 19 53
13 20 44
13 21 28
13 22 141
13 23 250
13 24 197
13 25 120
13 26 285
13 27 268
13 28 269
13 29 254
13 30 25
13 31 220
13 32 160
13 33 126
13 34 281
13 35 143
13 36 193
13 37 290
13 38 298
13 39 89
13 40 18
13 41 296
13 42 97
13 43 84
13 44 36
13 45 157
13 46 97
13 47 219
13 48 147
13 49 88
13 50 197
13 51 294
13 52 121
13 53 122
13 54 36
13 55 185
13 56 216
13 57 69
13 58 251
13 59 293
13 60 31
13 61 98
13 62 271
13 63 211
13 64 98
13 65 164
13 66 89
13 67 192
13 68 287
13 69 82
13 70 140
13 71 127
13 72 242
13 73 89
13 74 53
13 75 229
13 76 242
13 77 260
13 78 188
13 79 69
13 80 179
13 81 163
13 82 98
13 83 63
13 84 263
13 85 16
13 86 42
13 87 247
13 88 28
13 89 293
13 90 38
13 91 34
13 92 61
13 93 88
13 94 27
13 95 269
13 96 271
13 97 202
13 98 118
13 99 150
13 100 200
13 101 120
13 102 237
13 103 189
13 104 158
13 105 254
13 106 248
13 107 151
13 108 206
13 109 186
13 110 247
13 111 203
13 112 252
13 113 249
13 114 12
13 115 112
13 116 104
13 117 247
13 118 202
13 119 81
13 120 28
14 15 203
14 16 27
14 17 137
14 18 282
14 19 232
14 20 160
14 21 291
14 22 220
14 23 145
14 24 14
14 25 165
14 26 29
14 27 281
14 28 200
14 29 211
14 30 92
14 31 81
14 32 47
14 33 206
14 34 281
14 35 33
14 36 199
14 37 40
14 38 83
14 39 205
14 40 299
14 41 107
14 42 224
14 43 51
14 44 240
14 45 285
14 46 130
14 47 54
14 48 74
14 49 170
14 50 191
14 51 260
14 52 107
14 53 258
14 54 12
14 55 124
14 56 114
14 57 224
14 58 175
14 59 12
14 60 132
14 61 135
14 62 229
14 63 117
14 64 185
14 65 295
14 66 68
14 67 96
14 68 269
14 69 145
14 70 171
14 71 27
14 72 72
14 73 246
14 74 15
14 75 58
14 76 85
14 77 160
14 78 261
14 79 130
14 80 229
14 81 130
14 82 61
14 83 30
14 84 183
14 85 194
14 86 24
14 87 198
14 88 273
14 89 257
14 90 131
14 91 43
14 92 116
14 93 113
14 94 37
14 95 176
14 96 212
14 97 129
14 98 84
14 99 52
14 100 21
14 101 240
14 102 189
14 103 192
14 104 220
14 105 130
14 106 46
14 107 187
14 108 52
14 109 30
14 110 32
14 111 88
14 112 208
14 113 38
14 114 225
14 115 183
14 116 31
14 117 143
14 118 63
14 119 140
14 120 292
15 16 63
15 17 27
15 18 235
15 19 109
15 20 71
15 21 41
15 22 146
15 23 110
15 24 85
15 25 226
15 26 252
15 27 69
15 28 239
15 29 237
15 30 155
15 31 256
15 32 146
15 33 259
15 34 246
15 35 136
15 36 82
15 37 234
15 38 255
15 39 85
15 40 71
15 41 253
15 42 300
15 43 92
15 44 214
15 45 104
15 46 26
15 47 44
15 48 269
15 49 227
15 50 57
15 51 41
15 52 255
15 53 104
15 54 214
15 55 77
15 56 97
15 57 65
15 58 230
15 59 274
15 60 79
15 61 186
15 62 76
15 63 72
15 64 42
15 65 272
15 66 119
15 67 45
15 68 255
15 69 206
15 70 12
15 71 149
15 72 254
15 73 60
15 74 216
15 75 245
15 76 79
15 77 127
15 78 201
15 79 278
15 80 10
15 81 215
15 82 186
15 83 112
15 84 66
15 85 10
15 86 157
15 87 82
15 88 81
15 89 98
15 90 194
15 91 129
15 92 29
15 93 115
15 94 150
15 95 132
15 96 172
15 97 101
15 98 231
15 99 259
15 100 249
15 101 157
15 102 23
15 103 205
15 104 232
15 105 147
15 106 70
15 107 24
15 108 169
15 109 47
15 110 245
15 111 296
15 112 228
15 113 175
15 114 287
15 115 96
15 116 270
15 117 105
15 118 141
15 119 83
15 120 257
16 17 15
16 18 169
16 19 239
16 20 19
16 21 33
16 22 102
16 23 69
16 24 228
16 25 56
16 26 79
16 27 77
16 28 93
16 29 184
16 30 190
16 31 251
16 32 24
16 33 248
16 34 266
16 35 159
16 36 238
16 37 31
16 38 55
16 39 14
16 40 55
16 41 230
16 42 120
16 43 236
16 44 46
16 45 133
16 46 18
16 47 32
16 48 246
16 49 47
16 50 21
16 51 279
16 52 288
16 53 108
16 54 67
16 55 170
16 56 202
16 57 162
16 58 169
16 59 224
16 60 48
16 61 188
16 62 272
16 63 262
16 64 229
16 65 207
16 66 240
16 67 153
16 68 23
16 69 176
16 70 109
16 71 199
16 72 276
16 73 242
16 74 197
16 75 285
16 76 86
16 77 255
16 78 188
16 79 142
16 80 163
16 81 285
16 82 154
16 83 257
16 84 93
16 85 85
16 86 226
16 87 75
16 88 239
16 89 149
16 90 42
16 91 152
16 92 259
16 93 262
16 94 234
16 95 237
16 96 187
16 97 117
16 98 236
16 99 134
16 100 114
16 101 86
16 102 96
16 103 68
16 104 43
16 105 44
16 106 152
16 107 300
16 108 56
16 109 214
16 110 48
16 111 31
16 112 289
16 113 43
16 114 142
16 115 119
16 116 287
16 117 207
16 118 124
16 119 18
16 120 133
17 18 25
17 19 281
17 20 101
17 21 259
17 22 110
17 23 54
17 24 288
17 25 209
17 26 156
17 27 273
17 28 269
17 29 65
17 30 278
17 31 24
17 32 143
17 33 142
17 34 212
17 35 22
17 36 138
17 37 61
17 38 130
17 39 194
17 40 219
17 41 51
17 42 150
17 43 130
17 44 245
17 45 222
17 46 219
17 47 77
17 48 78
17 49 12
17 50 104
17 51 238
17 52 174
17 53 40
17 54 139
17 55 91
17 56 130
17 57 146
17 58 193
17 59 11
17 60 82
17 61 239
17 62 154
17 63 84
17 64 290
17 65 87
17 66 194
17 67 150
17 68 67
17 69 266
17 70 161
17 71 142
17 72 275
17 73 35
17 74 276
17 75 37
17 76 237
17 77 23
17 78 94
17 79 210
17 80 57
17 81 264
17 82 178
17 83 102
17 84 49
17 85 94
17 86 83
17 87 258
17 88 296
17 89 127
17 90 190
17 91 202
17 92 132
17 93 76
17 94 297
17 95 183
17 96 230
17 97 24
17 98 200
17 99 39
17 100 185
17 101 209
17 102 57
17 103 189
17 104 216
17 105 172
17 106 188
17 107 52
17 108 15
17 109 96
17 110 26
17 111 65
17 112 14
17 113 88
17 114 27
17 115 166
17 116 282
17 117 156
17 118 200
17 119 45
17 120 239
18 19 19
18 20 69
18 21 92
18 22 110
18 23 45
18 24 278
18 25 125
18 26 100
18 27 112
18 28 152
18 29 209
18 30 279
18 31 278
18 32 103
18 33 199
18 34 30
18 35 299
18 36 143
18 37 33
18 38 249
18 39 291
18 40 234
18 41 255
18 42 175
18 43 222
18 44 237
18 45 245
18 46 69
18 47 73
18 48 47
18 49 97
18 50 136
18 51 208
18 52 42
18 53 196
18 54 32
18 55 183
18 56 137
18 57 187
18 58 89
18 59 111
18 60 44
18 61 56
18 62 235
18 63 153
18 64 237
18 65 41
18 66 261
18 67 66
18 68 67
18 69 83
18 70 287
18 71 35
18 72 142
18 73 217
18 74 162
18 75 29
18 76 12
18 77 88
18 78 116
18 79 185
18 80 145
18 81 96
18 82 87
18 83 184
18 84 185
18 85 188
18 86 246
18 87 121
18 88 19
18 89 251
18 90 154
18 91 150
18 92 139
18 93 195
18 94 10
18 95 220
18 96 208
18 97 106
18 98 157
18 99 157
18 100 260
18 101 176
18 102 173
18 103 270
18 104 150
18 105 294
18 106 102
18 107 228
18 108 259
18 109 206
18 110 51
18 111 36
18 112 58
18 113 260
18 114 99
18 115 195
18 116 187
18 117 189
18 118 218
18 119 98
18 120 183
19 20 217
19 21 128
19 22 198
19 23 277
19 24 216
19 25 66
19 26 214
19 27 283
19 28 62
19 29 249
19 30 82
19 31 158
19 32 100
19 33 48
19 34 270
19 35 255
19 36 210
19 37 184
19 38 292
19 39 248
19 40 142
19 41 60
19 42 229
19 43 232
19 44 215
19 45 38
19 46 71
19 47 102
19 48 209
19 49 193
19 50 276
19 51 188
19 52 290
19 53 139
19 54 233
19 55 70
19 56 258
19 57 220
19 58 180
19 59 281
19 60 285
19 61 250
19 62 266
19 63 268
19 64 282
19 65 25
19 66 30
19 67 230
19 68 233
19 69 278
19 70 129
19 71 226
19 72 45
19 73 254
19 74 272
19 75 124
19 76 19
19 77 170
19 78 50
19 79 288
19 80 153
19 81 279
19 82 151
19 83 211
19 84 143
19 85 187
19 86 299
19 87 167
19 88 164
19 89 101
19 90 125
19 91 105
19 92 208
19 93 68
19 94 127
19 95 163
19 96 260
19 97 188
19 98 132
19 99 21
19 100 218
19 101 97
19 102 298
19 103 145
19 104 10
19 105 113
19 106 160
19 107 88
19 108 74
19 109 98
19 110 210
19 111 81
19 112 274
19 113 235
19 114 23
19 115 46
19 116 194
19 117 97
19 118 56
19 119 14
19 120 254
20 21 211
20 22 63
20 23 147
20 24 133
20 25 49
20 26 204
20 27 39
20 28 128
20 29 145
20 30 132
20 31 282
20 32 66
20 33 203
20 34 96
20 35 173
20 36 259
20 37 139
20 38 52
20 39 69
20 40 167
20 41 147
20 42 104
20 43 38
20 44 299
20 45 156
20 46 94
20 47 276
20 48 291
20 49 116
20 50 28
20 51 161
20 52 176
20 53 88
20 54 165
20 55 199
20 56 21
20 57 70
20 58 226
20 59 63
20 60 156
20 61 15
20 62 160
20 63 222
20 64 71
20 65 283
20 66 190
20 67 220
20 68 119
20 69 114
20 70 102
20 71 295
20 72 111
20 73 52
20 74 275
20 75 114
20 76 56
20 77 209
20 78 248
20 79 279
20 80 97
20 81 61
20 82 49
20 83 262
20 84 60
20 85 60
20 86 16
20 87 166
20 88 244
20 89 138
20 90 286
20 91 122
20 92 123
20 93 237
20 94 96
20 95 203
20 96 228
20 97 160
20 98 41
20 99 38
20 100 130
20 101 71
20 102 111
20 103 106
20 104 31
20 105 151
20 106 167
20 107 235
20 108 126
20 109 102
20 110 92
20 111 99
20 112 101
20 113 231
20 114 92
20 115 107
20 116 195
20 117 105
20 118 123
20 119 238
20 120 149
21 22 144
21 23 51
21 24 66
21 25 229
21 26 256
21 27 181
21 28 67
21 29 222
21 30 12
21 31 65
21 32 26
21 33 85
21 34 80
21 35 225
21 36 229
21 37 171
21 38 71
21 39 99
21 40 122
21 41 33
21 42 155
21 43 149
21 44 152
21 45 63
21 46 298
21 47 232
21 48 49
21 49 70
21 50 74
21 51 60
21 52 239
21 53 199
21 54 78
21 55 255
21 56 85
21 57 270
21 58 79
21 59 184
21 60 13
21 61 220
21 62 23
21 63 261
21 64 116
21 65 76
21 66 34
21 67 194
21 68 121
21 69 285
21 70 286
21 71 149
21 72 218
21 73 290
21 74 53
21 75 24
21 76 206
21 77 60
21 78 122
21 79 171
21 80 185
21 81 75
21 82 18
21 83 35
21 84 39
21 85 129
21 86 139
21 87 98
21 88 39
21 89 13
21 90 63
21 91 244
21 92 90
21 93 122
21 94 146
21 95 38
21 96 121
21 97 141
21 98 288
21 99 270
21 100 200
21 101 72
21 102 277
21 103 177
21 104 269
21 105 56
21 106 184
21 107 21
21 108 11
21 109 167
21 110 171
21 111 204
21 112 137
21 113 242
21 114 176
21 115 95
21 116 13
21 117 158
21 118 27
21 119 39
21 120 15
22 23 147
22 24 19
22 25 142
22 26 207
22 27 86
22 28 129
22 29 237
22 30 158
22 31 192
22 32 285
22 33 106
22 34 173
22 35 283
22 36 157
22 37 262
22 38 260
22 39 297
22 40 36
22 41 139
22 42 115
22 43 223
22 44 243
22 45 73
22 46 242
22 47 257
22 48 62
22 49 84
22 50 235
22 51 104
22 52 171
22 53 32
22 54 193
22 55 174
22 56 100
22 57 213
22 58 96
22 59 39
22 60 72
22 61 154
22 62 238
22 63 218
22 64 278
22 65 182
22 66 52
22 67 187
22 68 160
22 69 190
22 70 110
22 71 115
22 72 112
22 73 59
22 74 238
22 75 204
22 76 38
22 77 137
22 78 124
22 79 146
22 80 297
22 81 263
22 82 193
22 83 292
22 84 68
22 85 293
22 86 192
22 87 86
22 88 143
22 89 214
22 90 102
22 91 43
22 92 252
22 93 155
22 94 11
22 95 102
22 96 251
22 97 131
22 98 155
22 99 187
22 100 18
22 101 111
22 102 42
22 103 185
22 104 18
22 105 99
22 106 151
22 107 101
22 108 35
22 109 65
22 110 292
22 111 103
22 112 169
22 113 174
22 114 254
22 115 295
22 116 56
22 117 275
22 118 173
22 119 282
22 120 90
23 24 231
23 25 167
23 26 58
23 27 139
23 28 74
23 29 42
23 30 109
23 31 279
23 32 79
23 33 98
23 34 76
23 35 41
23 36 111
23 37 88
23 38 215
23 39 146
23 40 169
23 41 242
23 42 107
23 43 137
23 44 91
23 45 163
23 46 76
23 47 150
23 48 46
23 49 105
23 50 257
23 51 189
23 52 111
23 53 167
23 54 106
23 55 160
23 56 298
23 57 178
23 58 36
23 59 36
23 60 84
23 61 106
23 62 37
23 63 229
23 64 161
23 65 126
23 66 163
23 67 120
23 68 198
23 69 120
23 70 239
23 71 103
23 72 165
23 73 75
23 74 103
23 75 127
23 76 21
23 77 192
23 78 101
23 79 202
23 80 42
23 81 32
23 82 282
23 83 38
23 84 59
23 85 231
23 86 280
23 87 118
23 88 60
23 89 80
23 90 290
23 91 30
23 92 278
23 93 115
23 94 239
23 95 48
23 96 93
23 97 29
23 98 213
23 99 234
23 100 105
23 101 190
23 102 275
23 103 270
23 104 29
23 105 70
23 106 171
23 107 167
23 108 155
23 109 121
23 110 100
23 111 12
23 112 298
23 113 252
23 114 96
23 115 94
23 116 232
23 117 180
23 118 114
23 119 207
23 120 221
24 25 122
24 26 31
24 27 69
24 28 211
24 29 11
24 30 263
24 31 47
24 32 289
24 33 16
24 34 296
24 35 51
24 36 197
24 37 273
24 38 78
24 39 211
24 40 158
24 41 187
24 42 17
24 43 169
24 44 280
24 45 221
24 46 196
24 47 48
24 48 11
24 49 206
24 50 182
24 51 11
24 52 223
24 53 27
24 54 215
24 55 299
24 56 46
24 57 109
24 58 34
24 59 92
24 60 10
24 61 77
24 62 123
24 63 187
24 64 128
24 65 87
24 66 130
24 67 60
24 68 30
24 69 198
24 70 295
24 71 268
24 72 151
24 73 300
24 74 34
24 75 295
24 76 177
24 77 82
24 78 76
24 79 275
24 80 286
24 81 19
24 82 190
24 83 224
24 84 82
24 85 30
24 86 151
24 87 96
24 88 205
24 89 13
24 90 199
24 91 167
24 92 241
24 93 155
24 94 139
24 95 274
24 96 86
24 97 90
24 98 225
24 99 168
24 100 88
24 101 94
24 102 161
24 103 282
24 104 236
24 105 154
24 106 109
24 107 34
24 108 40
24 109 230
24 110 42
24 111 291
24 112 96
24 113 267
24 114 208
24 115 162
24 116 111
24 117 113
24 118 297
24 119 19
24 120 84
25 26 248
25 27 253
25 28 131
25 29 251
25 30 32
25 31 121
25 32 62
25 33 199
25 34 222
25 35 65
25 36 224
25 37 193
25 38 171
25 39 283
25 40 217
25 41 154
25 42 82
25 43 239
25 44 244
25 45 282
25 46 235
25 47 176
25 48 192
25 49 29
25 50 11
25 51 25
25 52 58
25 53 60
25 54 258
25 55 117
25 56 238
25 57 190
25 58 213
25 59 294
25 60 260
25 61 265
25 62 267
25 63 253
25 64 56
25 65 81
25 66 114
25 67 188
25 68 101
25 69 174
25 70 16
25 71 27
25 72 115
25 73 230
25 74 145
25 75 80
25 76 74
25 77 24
25 78 281
25 79 27
25 80 102
25 81 215
25 82 20
25 83 211
25 84 268
25 85 210
25 86 228
25 87 76
25 88 27
25 89 264
25 90 294
25 91 235
25 92 12
25 93 226
25 94 82
25 95 10
25 96 141
25 97 265
25 98 298
25 99 267
25 100 95
25 101 210
25 102 194
25 103 62
25 104 255
25 105 98
25 106 294
25 107 196
25 108 180
25 109 274
25 110 295
25 111 127
25 112 230
25 113 265
25 114 295
25 115 117
25 116 160
25 117 134
25 118 217
25 119 239
25 120 248
26 27 286
26 28 57
26 29 286
26 30 32
26 31 137
26 32 62
26 33 273
26 34 148
26 35 84
26 36 23
26 37 32
26 38 113
26 39 68
26 40 96
26 41 40
26 42 55
26 43 172
26 44 31
26 45 262
26 46 277
26 47 66
26 48 149
26 49 226
26 50 211
26 51 275
26 52 200
26 53 207
26 54 136
26 55 157
26 56 104
26 57 81
26 58 122
26 59 55
26 60 222
26 61 267
26 62 293
26 63 93
26 64 223
26 65 176
26 66 147
26 67 215
26 68 271
26 69 170
26 70 264
26 71 20
26 72 253
26 73 270
26 74 28
26 75 155
26 76 297
26 77 124
26 78 112
26 79 55
26 80 118
26 81 16
26 82 262
26 83 251
26 84 272
26 85 71
26 86 72
26 87 226
26 88 30
26 89 92
26 90 120
26 91 221
26 92 216
26 93 96
26 94 17
26 95 265
26 96 204
26 97 49
26 98 112
26 99 34
26 100 185
26 101 182
26 102 273
26 103 167
26 104 251
26 105 11
26 106 24
26 107 182
26 108 143
26 109 29
26 110 203
26 111 231
26 112 61
26 113 238
26 114 126
26 115 103
26 116 99
26 117 209
26 118 138
26 119 41
26 120 130
27 28 162
27 29 261
27 30 132
27 31 279
27 32 187
27 33 75
27 34 149
27 35 136
27 36 221
27 37 258
27 38 86
27 39 244
27 40 134
27 41 194
27 42 238
27 43 172
27 44 242
27 45 149
27 46 105
27 47 68
27 48 25
27 49 198
27 50 57
27 51 191
27 52 18
27 53 55
27 54 129
27 55 224
27 56 299
27 57 129
27 58 283
27 59 150
27 60 137
27 61 123
27 62 268
27 63 212
27 64 296
27 65 66
27 66 78
27 67 297
27 68 122
27 69 217
27 70 101
27 71 46
27 72 276
27 73 150
27 74 149
27 75 270
27 76 33
27 77 108
27 78 196
27 79 297
27 80 277
27 81 55
27 82 84
27 83 123
27 84 76
27 85 224
27 86 77
27 87 164
27 88 27
27 89 53
27 90 69
27 91 10
27 92 177
27 93 20
27 94 177
27 95 260
27 96 10
27 97 202
27 98 240
27 99 99
27 100 208
27 101 41
27 102 91
27 103 291
27 104 144
27 105 255
27 106 13
27 107 157
27 108 74
27 109 127
27 110 242
27 111 132
27 112 234
27 113 55
27 114 117
27 115 199
27 116 95
27 117 25
27 118 166
27 119 286
27 120 66
28 29 54
28 30 298
28 31 80
28 32 226
28 33 281
28 34 258
28 35 260
28 36 77
28 37 204
28 38 204
28 39 64
28 40 115
28 41 229
28 42 38
28 43 193
28 44 48
28 45 224
28 46 209
28 47 209
28 48 253
28 49 220
28 50 219
28 51 100
28 52 155
28 53 159
28 54 200
28 55 52
28 56 298
28 57 107
28 58 216
28 59 48
28 60 193
28 61 220
28 62 116
28 63 19
28 64 54
28 65 94
28 66 196
28 67 19
28 68 61
28 69 93
28 70 156
28 71 20
28 72 88
28 73 217
28 74 184
28 75 22
28 76 45
28 77 36
28 78 95
28 79 69
28 80 28
28 81 127
28 82 59
28 83 54
28 84 146
28 85 290
28 86 273
28 87 300
28 88 75
28 89 172
28 90 236
28 91 274
28 92 90
28 93 255
28 94 39
28 95 51
28 96 96
28 97 117
28 98 289
28 99 107
28 100 61
28 101 20
28 102 260
28 103 78
28 104 119
28 105 127
28 106 93
28 107 178
28 108 234
28 109 121
28 110 220
28 111 218
28 112 28
28 113 141
28 114 78
28 115 11
28 116 167
28 117 60
28 118 258
28 119 126
28 120 241
29 30 65
29 31 48
29 32 14
29 33 79
29 34 13
29 35 277
29 36 201
29 37 58
29 38 168
29 39 80
29 40 287
29 41 167
29 42 87
29 43 10
29 44 38
29 45 107
29 46 52
29 47 269
29 48 37
29 49 69
29 50 293
29 51 114
29 52 165
29 53 169
29 54 191
29 55 82
29 56 264
29 57 268
29 58 202
29 59 95
29 60 269
29 61 221
29 62 142
29 63 36
29 64 65
29 65 34
29 66 98
29 67 210
29 68 113
29 69 267
29 70 92
29 71 224
29 72 45
29 73 261
29 74 281
29 75 298
29 76 272
29 77 136
29 78 249
29 79 225
29 80 144
29 81 140
29 82 104
29 83 168
29 84 199
29 85 50
29 86 166
29 87 127
29 88 134
29 89 76
29 90 195
29 91 84
29 92 202
29 93 12
29 94 266
29 95 167
29 96 30
29 97 132
29 98 133
29 99 154
29 100 211
29 101 258
29 102 140
29 103 189
29 104 227
29 105 171
29 106 227
29 107 243
29 108 236
29 109 96
29 110 98
29 111 52
29 112 265
29 113 111
29 114 278
29 115 296
29 116 50
29 117 207
29 118 172
29 119 49
29 120 94
30 31 53
30 32 111
30 33 176
30 34 190
30 35 46
30 36 155
30 37 90
30 38 25
30 39 133
30 40 124
30 41 123
30 42 43
30 43 124
30 44 223
30 45 183
30 46 50
30 47 26
30 48 89
30 49 56
30 50 257
30 51 185
30 52 210
30 53 216
30 54 268
30 55 56
30 56 127
30 57 115
30 58 109
30 59 118
30 60 191
30 61 125
30 62 194
30 63 33
30 64 216
30 65 149
30 66 12
30 67 125
30 68 247
30 69 112
30 70 45
30 71 199
30 72 84
30 73 108
30 74 229
30 75 131
30 76 105
30 77 99
30 78 221
30 79 290
30 80 246
30 81 176
30 82 292
30 83 11
30 84 258
30 85 254
30 86 117
30 87 293
30 88 278
30 89 16
30 90 201
30 91 256
30 92 167
30 93 164
30 94 184
30 95 229
30 96 192
30 97 21
30 98 87
30 99 278
30 100 117
30 101 279
30 102 138
30 103 162
30 104 228
30 105 98
30 106 12
30 107 117
30 108 37
30 109 298
30 110 121
30 111 29
30 112 111
30 113 159
30 114 238
30 115 62
30 116 242
30 117 192
30 118 59
30 119 261
30 120 197
31 32 110
31 33 283
31 34 131
31 35 109
31 36 26
31 37 187
31 38 262
31 39 92
31 40 224
31 41 20
31 42 250
31 43 219
31 44 67
31 45 198
31 46 242
31 47 253
31 48 198
31 49 34
31 50 297
31 51 146
31 52 239
31 53 146
31 54 24
31 55 194
31 56 251
31 57 225
31 58 51
31 59 222
31 60 19
31 61 168
31 62 30
31 63 12
31 64 126
31 65 58
31 66 240
31 67 12
31 68 22
31 69 246
31 70 235
31 71 15
31 72 284
31 73 257
31 74 263
31 75 56
31 76 112
31 77 87
31 78 293
31 79 55
31 80 264
31 81 105
31 82 215
31 83 265
31 84 90
31 85 19
31 86 235
31 87 71
31 88 55
31 89 43
31 90 244
31 91 126
31 92 137
31 93 105
31 94 283
31 95 22
31 96 29
31 97 48
31 98 135
31 99 19
31 100 24
31 101 155
31 102 164
31 103 220
31 104 237
31 105 118
31 106 29
31 107 187
31 108 56
31 109 72
31 110 47
31 111 186
31 112 17
31 113 173
31 114 30
31 115 130
31 116 260
31 117 280
31 118 40
31 119 274
31 120 126
32 33 124
32 34 104
32 35 187
32 36 199
32 37 202
32 38 185
32 39 69
32 40 38
32 41 71
32 42 138
32 43 64
32 44 232
32 45 264
32 46 155
32 47 190
32 48 260
32 49 177
32 50 192
32 51 259
32 52 158
32 53 220
32 54 60
32 55 225
32 56 296
32 57 275
32 58 95
32 59 40
32 60 206
32 61 34
32 62 84
32 63 177
32 64 77
32 65 226
32 66 208
32 67 33
32 68 28
32 69 20
32 70 264
32 71 154
32 72 109
32 73 161
32 74 47
32 75 18
32 76 177
32 77 277
32 78 25
32 79 277
32 80 162
32 81 69
32 82 115
32 83 109
32 84 220
32 85 91
32 86 112
32 87 17
32 88 224
32 89 200
32 90 239
32 91 97
32 92 286
32 93 230
32 94 122
32 95 15
32 96 111
32 97 91
32 98 26
32 99 204
32 100 128
32 101 73
32 102 298
32 103 66
32 104 209
32 105 56
32 106 111
32 107 47
32 108 58
32 109 265
32 110 109
32 111 67
32 112 249
32 113 276
32 114 219
32 115 145
32 116 203
32 117 228
32 118 284
32 119 288
32 120 53
33 34 174
33 35 152
33 36 135
33 37 285
33 38 222
33 39 211
33 40 242
33 41 273
33 42 67
33 43 78
33 44 101
33 45 257
33 46 164
33 47 79
33 48 167
33 49 175
33 50 34
33 51 43
33 52 121
33 53 58
33 54 95
33 55 23
33 56 224
33 57 14
33 58 29
33 59 50
33 60 133
33 61 188
33 62 42
33 63 131
33 64 52
33 65 287
33 66 288
33 67 106
33 68 187
33 69 132
33 70 229
33 71 224
33 72 169
33 73 196
33 74 161
33 75 123
33 76 300
33 77 78
33 78 12
33 79 232
33 80 97
33 81 174
33 82 288
33 83 227
33 84 41
33 85 162
33 86 11
33 87 220
33 88 207
33 89 44
33 90 265
33 91 285
33 92 279
33 93 263
33 94 47
33 95 26
33 96 197
33 97 267
33 98 59
33 99 165
33 100 167
33 101 127
33 102 78
33 103 25
33 104 72
33 105 139
33 106 297
33 107 242
33 108 167
33 109 41
33 110 128
33 111 115
33 112 50
33 113 213
33 114 51
33 115 225
33 116 103
33 117 63
33 118 132
33 119 178
33 120 179
34 35 22
34 36 15
34 37 186
34 38 120
34 39 283
34 40 127
34 41 218
34 42 237
34 43 100
34 44 211
34 45 251
34 46 129
34 47 78
34 48 49
34 49 260
34 50 277
34 51 290
34 52 295
34 53 197
34 54 229
34 55 203
34 56 51
34 57 260
34 58 143
34 59 196
34 60 300
34 61 264
34 62 88
34 63 295
34 64 212
34 65 116
34 66 103
34 67 289
34 68 45
34 69 41
34 70 65
34 71 227
34 72 69
34 73 103
34 74 130
34 75 199
34 76 165
34 77 297
34 78 135
34 79 207
34 80 77
34 81 124
34 82 189
34 83 53
34 84 107
34 85 266
34 86 204
34 87 202
34 88 218
34 89 202
34 90 287
34 91 279
34 92 163
34 93 88
34 94 214
34 95 134
34 96 166
34 97 17
34 98 286
34 99 148
34 100 189
34 101 154
34 102 167
34 103 217
34 104 239
34 105 118
34 106 109
34 107 123
34 108 11
34 109 176
34 110 77
34 111 116
34 112 65
34 113 167
34 114 59
34 115 75
34 116 22
34 117 62
34 118 275
34 119 274
34 120 255
35 36 177
35 37 249
35 38 103
35 39 242
35 40 27
35 41 114
35 42 81
35 43 59
35 44 58
35 45 178
35 46 171
35 47 283
35 48 228
35 49 116
35 50 252
35 51 194
35 52 107
35 53 115
35 54 140
35 55 146
35 56 169
35 57 217
35 58 124
35 59 125
35 60 26
35 61 207
35 62 287
35 63 140
35 64 115
35 65 49
35 66 155
35 67 157
35 68 294
35 69 95
35 70 270
35 71 215
35 72 298
35 73 101
35 74 197
35 75 60
35 76 71
35 77 127
35 78 138
35 79 74
35 80 13
35 81 270
35 82 241
35 83 67
35 84 141
35 85 48
35 86 176
35 87 250
35 88 40
35 89 257
35 90 239
35 91 172
35 92 171
35 93 57
35 94 12
35 95 197
35 96 214
35 97 92
35 98 52
35 99 148
35 100 167
35 101 76
35 102 206
35 103 212
35 104 156
35 105 129
35 106 155
35 107 172
35 108 192
35 109 78
35 110 198
35 111 244
35 112 161
35 113 36
35 114 122
35 115 242
35 116 251
35 117 192
35 118 236
35 119 26
35 120 183
36 37 21
36 38 42
36 39 212
36 40 280
36 41 109
36 42 110
36 43 124
36 44 111
36 45 76
36 46 222
36 47 58
36 48 57
36 49 231
36 50 113
36 51 257
36 52 210
36 53 59
36 54 211
36 55 41
36 56 214
36 57 195
36 58 19
36 59 52
36 60 102
36 61 27
36 62 37
36 63 203
36 64 236
36 65 150
36 66 66
36 67 207
36 68 218
36 69 29
36 70 165
36 71 68
36 72 247
36 73 115
36 74 287
36 75 199
36 76 144
36 77 296
36 78 249
36 79 243
36 80 264
36 81 209
36 82 144
36 83 217
36 84 118
36 85 167
36 86 161
36 87 135
36 88 76
36 89 48
36 90 238
36 91 88
36 92 105
36 93 289
36 94 285
36 95 263
36 96 112
36 97 202
36 98 211
36 99 95
36 100 17
36 101 250
36 102 30
36 103 165
36 104 247
36 105 91
36 106 227
36 107 163
36 108 160
36 109 73
36 110 20
36 111 81
36 112 191
36 113 227
36 114 296
36 115 292
36 116 53
36 117 229
36 118 285
36 119 142
36 120 119
37 38 15
37 39 232
37 40 120
37 41 76
37 42 89
37 43 157
37 44 213
37 45 198
37 46 119
37 47 49
37 48 27
37 49 212
37 50 53
37 51 222
37 52 131
37 53 220
37 54 92
37 55 209
37 56 243
37 57 154
37 58 296
37 59 68
37 60 30
37 61 162
37 62 88
37 63 39
37 64 295
37 65 128
37 66 267
37 67 252
37 68 257
37 69 80
37 70 175
37 71 11
37 72 218
37 73 31
37 74 196
37 75 76
37 76 232
37 77 296
37 78 47
37 79 146
37 80 58
37 81 221
37 82 175
37 83 128
37 84 236
37 85 133
37 86 298
37 87 294
37 88 296
37 89 138
37 90 134
37 91 147
37 92 27
37 93 237
37 94 299
37 95 86
37 96 225
37 97 81
37 98 65
37 99 31
37 100 211
37 101 127
37 102 151
37 103 285
37 104 126
37 105 140
37 106 222
37 107 112
37 108 250
37 109 259
37 110 46
37 111 39
37 112 133
37 113 10
37 114 113
37 115 141
37 116 282
37 117 116
37 118 297
37 119 71
37 120 194
38 39 254
38 40 260
38 41 104
38 42 97
38 43 224
38 44 272
38 45 204
38 46 80
38 47 100
38 48 11
38 49 206
38 50 141
38 51 245
38 52 186
38 53 26
38 54 240
38 55 249
38 56 276
38 57 258
38 58 266
38 59 227
38 60 260
38 61 181
38 62 80
38 63 271
38 64 162
38 65 20
38 66 82
38 67 137
38 68 130
38 69 222
38 70 75
38 71 105
38 72 17
38 73 55
38 74 183
38 75 284
38 76 275
38 77 208
38 78 127
38 79 74
38 80 163
38 81 130
38 82 191
38 83 213
38 84 171
38 85 220
38 86 75
38 87 135
38 88 241
38 89 167
38 90 15
38 91 261
38 92 123
38 93 245
38 94 151
38 95 189
38 96 275
38 97 150
38 98 259
38 99 198
38 100 119
38 101 44
38 102 222
38 103 72
38 104 101
38 105 131
38 106 43
38 107 79
38 108 136
38 109 91
38 110 104
38 111 248
38 112 130
38 113 140
38 114 53
38 115 63
38 116 281
38 117 247
38 118 173
38 119 14
38 120 91
39 40 22
39 41 212
39 42 93
39 43 223
39 44 82
39 45 285
39 46 196
39 47 150
39 48 76
39 49 258
39 50 137
39 51 100
39 52 262
39 53 73
39 54 159
39 55 98
39 56 99
39 57 90
39 58 111
39 59 180
39 60 182
39 61 32
39 62 173
39 63 270
39 64 189
39 65 106
39 66 48
39 67 186
39 68 120
39 69 248
39 70 236
39 71 175
39 72 107
39 73 60
39 74 282
39 75 15
39 76 202
39 77 295
39 78 228
39 79 283
39 80 48
39 81 256
39 82 105
39 83 194
39 84 50
39 85 153
39 86 212
39 87 227
39 88 127
39 89 89
39 90 287
39 91 292
39 92 238
39 93 150
39 94 186
39 95 149
39 96 211
39 97 63
39 98 16
39 99 188
39 100 99
39 101 97
39 102 68
39 103 271
39 104 179
39 105 129
39 106 88
39 107 247
39 108 118
39 109 262
39 110 107
39 111 220
39 112 26
39 113 266
39 114 245
39 115 112
39 116 114
39 117 174
39 118 271
39 119 159
39 120 177
40 41 37
40 42 42
40 43 154
40 44 182
40 45 224
40 46 177
40 47 291
40 48 222
40 49 76
40 50 79
40 51 265
40 52 136
40 53 15
40 54 114
40 55 79
40 56 91
40 57 74
40 58 270
40 59 146
40 60 34
40 61 65
40 62 252
40 63 28
40 64 113
40 65 175
40 66 294
40 67 34
40 68 27
40 69 263
40 70 121
40 71 205
40 72 135
40 73 221
40 74 32
40 75 135
40 76 12
40 77 121
40 78 24
40 79 156
40 80 132
40 81 28
40 82 140
40 83 134
40 84 105
40 85 222
40 86 205
40 87 205
40 88 115
40 89 258
40 90 124
40 91 51
40 92 45
40 93 111
40 94 82
40 95 297
40 96 74
40 97 281
40 98 79
40 99 16
40 100 41
40 101 262
40 102 64
40 103 116
40 104 184
40 105 189
40 106 81
40 107 196
40 108 290
40 109 64
40 110 74
40 111 216
40 112 95
40 113 262
40 114 32
40 115 268
40 116 236
40 117 34
40 118 15
40 119 178
40 120 225
41 42 138
41 43 251
41 44 115
41 45 271
41 46 200
41 47 176
41 48 70
41 49 154
41 50 251
41 51 246
41 52 236
41 53 17
41 54 70
41 55 225
41 56 28
41 57 27
41 58 198
41 59 260
41 60 263
41 61 126
41 62 104
41 63 39
41 64 88
41 65 285
41 66 40
41 67 191
41 68 80
41 69 227
41 70 275
41 71 94
41 72 172
41 73 134
41 74 13
41 75 155
41 76 190
41 77 146
41 78 224
41 79 99
41 80 213
41 81 27
41 82 280
41 83 81
41 84 30
41 85 157
41 86 171
41 87 155
41 88 203
41 89 54
41 90 169
41 91 96
41 92 76
41 93 203
41 94 34
41 95 159
41 96 234
41 97 212
41 98 291
41 99 99
41 100 137
41 101 47
41 102 294
41 103 78
41 104 81
41 105 229
41 106 35
41 107 262
41 108 273
41 109 178
41 110 199
41 111 155
41 112 189
41 113 273
41 114 178
41 115 232
41 116 125
41 117 103
41 118 222
41 119 217
41 120 62
42 43 239
42 44 204
42 45 192
42 46 266
42 47 294
42 48 232
42 49 43
42 50 106
42 51 64
42 52 296
42 53 220
42 54 240
42 55 175
42 56 86
42 57 66
42 58 220
42 59 261
42 60 97
42 61 111
42 62 70
42 63 190
42 64 44
42 65 246
42 66 167
42 67 100
42 68 215
42 69 264
42 70 287
42 71 24
42 72 14
42 73 114
42 74 274
42 75 271
42 76 289
42 77 217
42 78 281
42 79 147
42 80 270
42 81 185
42 82 205
42 83 179
42 84 173
42 85 222
42 86 81
42 87 75
42 88 44
42 89 121
42 90 81
42 91 110
42 92 231
42 93 289
42 94 102
42 95 162
42 96 106
42 97 97
42 98 284
42 99 92
42 100 213
42 101 39
42 102 174
42 103 206
42 104 258
42 105 277
42 106 211
42 107 223
42 108 49
42 109 24
42 110 140
42 111 83
42 112 270
42 113 294
42 114 104
42 115 252
42 116 33
42 117 64
42 118 194
42 119 108
42 120 181
43 44 246
43 45 203
43 46 280
43 47 166
43 48 83
43 49 142
43 50 217
43 51 180
43 52 44
43 53 84
43 54 296
43 55 186
43 56 277
43 57 280
43 58 140
43 59 156
43 60 33
43 61 279
43 62 292
43 63 51
43 64 143
43 65 67
43 66 266
43 67 23
43 68 17
43 69 296
43 70 86
43 71 129
43 72 210
43 73 176
43 74 24
43 75 111
43 76 75
43 77 204
43 78 43
43 79 16
43 80 190
43 81 121
43 82 81
43 83 181
43 84 83
43 85 207
43 86 117
43 87 56
43 88 126
43 89 128
43 90 98
43 91 164
43 92 223
43 93 43
43 94 53
43 95 298
43 96 43
43 97 281
43 98 44
43 99 130
43 100 186
43 101 162
43 102 41
43 103 88
43 104 16
43 105 100
43 106 235
43 107 55
43 108 242
43 109 90
43 110 172
43 111 122
43 112 100
43 113 118
43 114 112
43 115 185
43 116 91
43 117 89
43 118 270
43 119 59
43 120 86
44 45 24
44 46 132
44 47 133
44 48 191
44 49 93
44 50 238
44 51 29
44 52 117
44 53 84
44 54 54
44 55 64
44 56 211
44 57 11
44 58 36
44 59 235
44 60 290
44 61 275
44 62 73
44 63 96
44 64 128
44 65 11
44 66 121
44 67 287
44 68 272
44 69 275
44 70 203
44 71 196
44 72 197
44 73 272
44 74 12
44 75 111
44 76 284
44 77 64
44 78 281
44 79 178
44 80 241
44 81 154
44 82 193
44 83 96
44 84 241
44 85 180
44 86 243
44 87 55
44 88 215
44 89 162
44 90 149
44 91 180
44 92 258
44 93 110
44 94 262
44 95 253
44 96 28
44 97 163
44 98 100
44 99 196
44 100 192
44 101 148
44 102 196
44 103 26
44 104 237
44 105 182
44 106 72
44 107 229
44 108 37
44 109 113
44 110 88
44 111 147
44 112 89
44 113 184
44 114 109
44 115 151
44 116 277
44 117 156
44 118 218
44 119 253
44 120 128
45 46 253
45 47 10
45 48 147
45 49 94
45 50 271
45 51 138
45 52 62
45 53 158
45 54 219
45 55 123
45 56 159
45 57 142
45 58 204
45 59 100
45 60 118
45 61 149
45 62 176
45 63 38
45 64 134
45 65 95
45 66 10
45 67 184
45 68 62
45 69 71
45 70 274
45 71 254
45 72 193
45 73 89
45 74 130
45 75 270
45 76 284
45 77 25
45 78 184
45 79 113
45 80 147
45 81 107
45 82 178
45 83 93
45 84 71
45 85 79
45 86 123
45 87 205
45 88 199
45 89 225
45 90 164
45 91 52
45 92 106
45 93 167
45 94 84
45 95 116
45 96 131
45 97 80
45 98 247
45 99 94
45 100 289
45 101 92
45 102 142
45 103 78
45 104 86
45 105 292
45 106 287
45 107 78
45 108 141
45 109 242
45 110 208
45 111 149
45 112 294
45 113 14
45 114 87
45 115 153
45 116 22
45 117 190
45 118 173
45 119 50
45 120 259
46 47 167
46 48 42
46 49 280
46 50 179
46 51 129
46 52 117
46 53 278
46 54 89
46 55 220
46 56 271
46 57 72
46 58 230
46 59 136
46 60 176
46 61 209
46 62 123
46 63 179
46 64 220
46 65 16
46 66 249
46 67 32
46 68 43
46 69 242
46 70 36
46 71 256
46 72 173
46 73 103
46 74 232
46 75 63
46 76 114
46 77 71
46 78 21
46 79 228
46 80 197
46 81 27
46 82 122
46 83 172
46 84 134
46 85 161
46 86 268
46 87 266
46 88 39
46 89 260
46 90 191
46 91 249
46 92 174
46 93 167
46 94 91
46 95 55
46 96 234
46 97 34
46 98 44
46 99 122
46 100 63
46 101 48
46 102 249
46 103 237
46 104 110
46 105 208
46 106 56
46 107 268
46 108 15
46 109 60
46 110 76
46 111 101
46 112 241
46 113 45
46 114 278
46 115 256
46 116 81
46 117 270
46 118 167
46 119 31
46 120 49
47 48 10
47 49 228
47 50 19
47 51 183
47 52 146
47 53 23
47 54 225
47 55 271
47 56 156
47 57 35
47 58 96
47 59 71
47 60 69
47 61 69
47 62 299
47 63 24
47 64 174
47 65 202
47 66 164
47 67 101
47 68 137
47 69 187
47 70 216
47 71 140
47 72 236
47 73 103
47 74 163
47 75 160
47 76 255
47 77 160
47 78 136
47 79 199
47 80 21
47 81 16
47 82 255
47 83 159
47 84 105
47 85 216
47 86 267
47 87 21
47 88 84
47 89 246
47 90 111
47 91 300
47 92 184
47 93 208
47 94 151
47 95 268
47 96 235
47 97 149
47 98 135
47 99 152
47 100 193
47 101 122
47 102 164
47 103 288
47 104 26
47 105 210
47 106 281
47 107 293
47 108 47
47 109 274
47 110 244
47 111 162
47 112 170
47 113 128
47 114 107
47 115 13
47 116 193
47 117 220
47 118 105
47 119 243
47 120 237
48 49 280
48 50 23
48 51 226
48 52 158
48 53 152
48 54 33
48 55 153
48 56 163
48 57 246
48 58 77
48 59 141
48 60 109
48 61 266
48 62 119
48 63 213
48 64 185
48 65 176
48 66 71
48 67 201
48 68 94
48 69 195
48 70 199
48 71 257
48 72 158
48 73 27
48 74 166
48 75 227
48 76 76
48 77 35
48 78 86
48 79 65
48 80 281
48 81 72
48 82 114
48 83 111
48 84 280
48 85 175
48 86 134
48 87 217
48 88 52
48 89 59
48 90 280
48 91 240
48 92 88
48 93 142
48 94 280
48 95 260
48 96 27
48 97 55
48 98 100
48 99 282
48 100 53
48 101 23
48 102 137
48 103 221
48 104 137
48 105 89
48 106 67
48 107 101
48 108 138
48 109 176
48 110 139
48 111 194
48 112 182
48 113 242
48 114 135
48 115 106
48 116 243
48 117 166
48 118 227
48 119 205
48 120 202
49 50 112
49 51 30
49 52 296
49 53 169
49 54 88
49 55 48
49 56 136
49 57 190
49 58 72
49 59 300
49 60 56
49 61 114
49 62 19
49 63 106
49 64 228
49 65 57
49 66 164
49 67 77
49 68 223
49 69 101
49 70 158
49 71 125
49 72 181
49 73 97
49 74 166
49 75 23
49 76 191
49 77 184
49 78 26
49 79 166
49 80 91
49 81 266
49 82 59
49 83 276
49 84 254
49 85 42
49 86 92
49 87 285
49 88 106
49 89 233
49 90 99
49 91 258
49 92 80
49 93 263
49 94 124
49 95 93
49 96 204
49 97 47
49 98 273
49 99 198
49 100 152
49 101 74
49 102 214
49 103 177
49 104 157
49 105 109
49 106 133
49 107 283
49 108 234
49 109 96
49 110 109
49 111 248
49 112 47
49 113 93
49 114 214
49 115 10
49 116 188
49 117 98
49 118 291
49 119 91
49 120 27
50 51 124
50 52 20
50 53 188
50 54 197
50 55 252
50 56 51
50 57 152
50 58 94
50 59 83
50 60 53
50 61 273
50 62 146
50 63 232
50 64 122
50 65 67
50 66 273
50 67 24
50 68 35
50 69 27
50 70 65
50 71 126
50 72 141
50 73 263
50 74 30
50 75 72
50 76 274
50 77 171
50 78 86
50 79 191
50 80 103
50 81 156
50 82 56
50 83 248
50 84 264
50 85 166
50 86 253
50 87 31
50 88 35
50 89 123
50 90 216
50 91 90
50 92 240
50 93 194
50 94 167
50 95 47
50 96 114
50 97 247
50 98 139
50 99 175
50 100 86
50 101 109
50 102 137
50 103 59
50 104 15
50 105 280
50 106 127
50 107 110
50 108 260
50 109 31
50 110 173
50 111 172
50 112 129
50 113 115
50 114 225
50 115 80
50 116 34
50 117 249
50 118 57
50 119 109
50 120 296
51 52 39
51 53 102
51 54 167
51 55 144
51 56 89
51 57 91
51 58 50
51 59 163
51 60 32
51 61 81
51 62 44
51 63 42
51 64 174
51 65 48
51 66 51
51 67 277
51 68 63
51 69 70
51 70 74
51 71 110
51 72 46
51 73 92
51 74 187
51 75 231
51 76 55
51 77 42
51 78 180
51 79 204
51 80 67
51 81 63
51 82 295
51 83 103
51 84 105
51 85 139
51 86 70
51 87 42
51 88 68
51 89 20
51 90 178
51 91 111
51 92 261
51 93 284
51 94 156
51 95 197
51 96 200
51 97 286
51 98 171
51 99 48
51 100 93
51 101 140
51 102 159
51 103 251
51 104 205
51 105 32
51 106 38
51 107 230
51 108 15
51 109 270
51 110 243
51 111 183
51 112 15
51 113 256
51 114 166
51 115 183
51 116 268
51 117 140
51 118 20
51 119 214
51 120 37
52 53 161
52 54 19
52 55 152
52 56 146
52 57 167
52 58 262
52 59 35
52 60 177
52 61 169
52 62 191
52 63 123
52 64 164
52 65 21
52 66 181
52 67 194
52 68 238
52 69 162
52 70 38
52 71 43
52 72 85
52 73 67
52 74 188
52 75 37
52 76 295
52 77 225
52 78 276
52 79 276
52 80 187
52 81 71
52 82 123
52 83 39
52 84 227
52 85 74
52 86 174
52 87 219
52 88 273
52 89 298
52 90 96
52 91 252
52 92 31
52 93 157
52 94 237
52 95 254
52 96 297
52 97 46
52 98 201
52 99 278
52 100 222
52 101 39
52 102 197
52 103 101
52 104 114
52 105 200
52 106 56
52 107 117
52 108 274
52 109 240
52 110 154
52 111 51
52 112 300
52 113 94
52 114 83
52 115 133
52 116 26
52 117 89
52 118 239
52 119 90
52 120 293
53 54 274
53 55 144
53 56 127
53 57 263
53 58 27
53 59 299
53 60 154
53 61 280
53 62 174
53 63 65
53 64 15
53 65 85
53 66 234
53 67 154
53 68 265
53 69 61
53 70 91
53 71 291
53 72 87
53 73 91
53 74 43
53 75 24
53 76 159
53 77 249
53 78 183
53 79 279
53 80 64
53 81 286
53 82 38
53 83 142
53 84 153
53 85 82
53 86 131
53 87 224
53 88 200
53 89 250
53 90 239
53 91 204
53 92 107
53 93 119
53 94 12
53 95 174
53 96 23
53 97 225
53 98 115
53 99 176
53 100 285
53 101 133
53 102 160
53 103 159
53 104 55
53 105 98
53 106 225
53 107 183
53 108 144
53 109 136
53 110 96
53 111 286
53 112 150
53 113 59
53 114 272
53 115 105
53 116 110
53 117 251
53 118 164
53 119 72
53 120 85
54 55 119
54 56 266
54 57 117
54 58 279
54 59 192
54 60 180
54 61 34
54 62 151
54 63 143
54 64 167
54 65 299
54 66 32
54 67 59
54 68 139
54 69 188
54 70 196
54 71 85
54 72 283
54 73 79
54 74 179
54 75 251
54 76 297
54 77 258
54 78 278
54 79 202
54 80 210
54 81 236
54 82 286
54 83 183
54 84 215
54 85 270
54 86 138
54 87 296
54 88 120
54 89 97
54 90 204
54 91 66
54 92 102
54 93 219
54 94 24
54 95 35
54 96 91
54 97 230
54 98 192
54 99 74
54 100 161
54 101 155
54 102 269
54 103 236
54 104 147
54 105 72
54 106 146
54 107 58
54 108 207
54 109 261
54 110 289
54 111 171
54 112 181
54 113 29
54 114 80
54 115 214
54 116 196
54 117 86
54 118 142
54 119 230
54 120 85
55 56 215
55 57 81
55 58 142
55 59 294
55 60 59
55 61 192
55 62 160
55 63 216
55 64 21
55 65 101
55 66 30
55 67 203
55 68 201
55 69 66
55 70 299
55 71 66
55 72 205
55 73 16
55 74 217
55 75 86
55 76 175
55 77 14
55 78 229
55 79 164
55 80 287
55 81 64
55 82 98
55 83 145
55 84 25
55 85 48
55 86 191
55 87 194
55 88 284
55 89 278
55 90 127
55 91 45
55 92 250
55 93 169
55 94 143
55 95 167
55 96 277
55 97 157
55 98 79
55 99 100
55 100 146
55 101 132
55 102 270
55 103 163
55 104 39
55 105 272
55 106 238
55 107 168
55 108 165
55 109 123
55 110 99
55 111 209
55 112 104
55 113 150
55 114 282
55 115 196
55 116 277
55 117 294
55 118 103
55 119 231
55 120 229
56 57 162
56 58 31
56 59 131
56 60 263
56 61 244
56 62 222
56 63 208
56 64 256
56 65 74
56 66 96
56 67 196
56 68 58
56 69 15
56 70 70
56 71 46
56 72 276
56 73 272
56 74 253
56 75 232
56 76 243
56 77 26
56 78 28
56 79 78
56 80 126
56 81 241
56 82 261
56 83 254
56 84 48
56 85 123
56 86 256
56 87 168
56 88 263
56 89 294
56 90 248
56 91 122
56 92 118
56 93 261
56 94 122
56 95 296
56 96 181
56 97 144
56 98 133
56 99 245
56 100 69
56 101 227
56 102 286
56 103 38
56 104 254
56 105 46
56 106 27
56 107 89
56 108 168
56 109 191
56 110 210
56 111 244
56 112 155
56 113 220
56 114 41
56 115 120
56 116 85
56 117 180
56 118 75
56 119 136
56 120 26
57 58 57
57 59 147
57 60 80
57 61 293
57 62 277
57 63 68
57 64 245
57 65 285
57 66 164
57 67 49
57 68 193
57 69 142
57 70 222
57 71 152
57 72 167
57 73 289
57 74 61
57 75 70
57 76 278
57 77 106
57 78 241
57 79 204
57 80 215
57 81 126
57 82 84
57 83 238
57 84 119
57 85 200
57 86 225
57 87 282
57 88 159
57 89 82
57 90 119
57 91 243
57 92 258
57 93 100
57 94 286
57 95 202
57 96 132
57 97 218
57 98 52
57 99 26
57 100 265
57 101 249
57 102 140
57 103 24
57 104 219
57 105 35
57 106 277
57 107 263
57 108 59
57 109 97
57 110 222
57 111 106
57 112 120
57 113 25
57 114 72
57 115 77
57 116 209
57 117 300
57 118 159
57 119 128
57 120 44
58 59 265
58 60 285
58 61 245
58 62 133
58 63 205
58 64 194
58 65 222
58 66 26
58 67 26
58 68 163
58 69 49
58 70 30
58 71 61
58 72 77
58 73 89
58 74 247
58 75 272
58 76 79
58 77 246
58 78 131
58 79 135
58 80 112
58 81 191
58 82 119
58 83 97
58 84 12
58 85 114
58 86 73
58 87 226
58 88 149
58 89 43
58 90 147
58 91 69
58 92 265
58 93 68
58 94 28
58 95 284
58 96 169
58 97 98
58 98 67
58 99 68
58 100 169
58 101 178
58 102 52
58 103 247
58 104 257
58 105 252
58 106 267
58 107 40
58 108 232
58 109 244
58 110 26
58 111 164
58 112 212
58 113 223
58 114 298
58 115 39
58 116 58
58 117 131
58 118 154
58 119 229
58 120 185
59 60 26
59 61 167
59 62 84
59 63 244
59 64 140
59 65 194
59 66 249
59 67 20
59 68 27
59 69 18
59 70 248
59 71 46
59 72 103
59 73 280
59 74 291
59 75 144
59 76 84
59 77 179
59 78 186
59 79 45
59 80 285
59 81 238
59 82 195
59 83 28
59 84 232
59 85 82
59 86 227
59 87 187
59 88 32
59 89 268
59 90 261
59 91 32
59 92 227
59 93 161
59 94 85
59 95 154
59 96 28
59 97 37
59 98 269
59 99 96
59 100 248
59 101 83
59 102 31
59 103 145
59 104 55
59 105 291
59 106 25
59 107 224
59 108 162
59 109 191
59 110 236
59 111 294
59 112 12
59 113 95
59 114 243
59 115 192
59 116 102
59 117 79
59 118 223
59 119 279
59 120 179
60 61 231
60 62 237
60 63 12
60 64 191
60 65 280
60 66 118
60 67 231
60 68 162
60 69 58
60 70 21
60 71 14
60 72 211
60 73 86
60 74 226
60 75 136
60 76 11
60 77 262
60 78 61
60 79 11
60 80 284
60 81 202
60 82 93
60 83 104
60 84 117
60 85 16
60 86 64
60 87 163
60 88 267
60 89 246
60 90 154
60 91 209
60 92 14
60 93 260
60 94 270
60 95 57
60 96 286
60 97 171
60 98 93
60 99 58
60 100 65
60 101 259
60 102 246
60 103 232
60 104 247
60 105 13
60 106 120
60 107 144
60 108 251
60 109 49
60 110 74
60 111 260
60 112 149
60 113 47
60 114 90
60 115 38
60 116 224
60 117 50
60 118 187
60 119 73
60 120 151
61 62 161
61 63 164
61 64 17
61 65 63
61 66 76
61 67 205
61 68 265
61 69 152
61 70 44
61 71 269
61 72 14
61 73 211
61 74 118
61 75 179
61 76 72
61 77 220
61 78 300
61 79 123
61 80 263
61 81 154
61 82 59
61 83 192
61 84 281
61 85 29
61 86 76
61 87 264
61 88 263
61 89 37
61 90 68
61 91 186
61 92 117
61 93 67
61 94 223
61 95 117
61 96 158
61 97 113
61 98 279
61 99 201
61 100 48
61 101 91
61 102 287
61 103 196
61 104 29
61 105 267
61 106 37
61 107 36
61 108 75
61 109 49
61 110 53
61 111 211
61 112 256
61 113 273
61 114 83
61 115 23
61 116 63
61 117 184
61 118 134
61 119 274
61 120 239
62 63 178
62 64 37
62 65 179
62 66 129
62 67 120
62 68 168
62 69 130
62 70 107
62 71 70
62 72 222
62 73 257
62 74 148
62 75 122
62 76 17
62 77 248
62 78 77
62 79 155
62 80 212
62 81 112
62 82 98
62 83 277
62 84 137
62 85 172
62 86 36
62 87 213
62 88 268
62 89 182
62 90 276
62 91 155
62 92 188
62 93 172
62 94 34
62 95 178
62 96 40
62 97 145
62 98 289
62 99 218
62 100 43
62 101 219
62 102 272
62 103 276
62 104 226
62 105 239
62 106 290
62 107 186
62 108 136
62 109 69
62 110 176
62 111 52
62 112 278
62 113 161
62 114 215
62 115 37
62 116 114
62 117 46
62 118 186
62 119 233
62 120 283
63 64 288
63 65 257
63 66 102
63 67 243
63 68 117
63 69 67
63 70 113
63 71 186
63 72 108
63 73 55
63 74 87
63 75 162
63 76 192
63 77 232
63 78 20
63 79 42
63 80 95
63 81 38
63 82 94
63 83 191
63 84 77
63 85 285
63 86 99
63 87 56
63 88 147
63 89 46
63 90 297
63 91 47
63 92 162
63 93 139
63 94 205
63 95 33
63 96 255
63 97 178
63 98 100
63 99 207
63 100 111
63 101 126
63 102 244
63 103 193
63 104 114
63 105 233
63 106 28
63 107 121
63 108 44
63 109 70
63 110 88
63 111 277
63 112 107
63 113 80
63 114 152
63 115 208
63 116 260
63 117 273
63 118 213
63 119 281
63 120 64
64 65 44
64 66 116
64 67 166
64 68 202
64 69 224
64 70 211
64 71 296
64 72 87
64 73 286
64 74 93
64 75 111
64 76 203
64 77 264
64 78 109
64 79 139
64 80 222
64 81 111
64 82 42
64 83 73
64 84 248
64 85 299
64 86 180
64 87 241
64 88 74
64 89 231
64 90 268
64 91 88
64 92 30
64 93 99
64 94 288
64 95 298
64 96 211
64 97 244
64 98 164
64 99 178
64 100 151
64 101 142
64 102 21
64 103 133
64 104 150
64 105 91
64 106 271
64 107 67
64 108 94
64 109 172
64 110 132
64 111 240
64 112 146
64 113 64
64 114 81
64 115 105
64 116 277
64 117 102
64 118 200
64 119 92
64 120 176
65 66 33
65 67 264
65 68 225
65 69 102
65 70 13
65 71 128
65 72 226
65 73 40
65 74 93
65 75 45
65 76 279
65 77 97
65 78 158
65 79 45
65 80 274
65 81 229
65 82 234
65 83 201
65 84 144
65 85 31
65 86 33
65 87 180
65 88 116
65 89 93
65 90 59
65 91 133
65 92 56
65 93 243
65 94 142
65 95 104
65 96 135
65 97 76
65 98 81
65 99 39
65 100 229
65 101 257
65 102 280
65 103 50
65 104 71
65 105 230
65 106 282
65 107 117
65 108 222
65 109 130
65 110 150
65 111 181
65 112 270
65 113 68
65 114 213
65 115 172
65 116 134
65 117 215
65 118 168
65 119 67
65 120 125
66 67 109
66 68 163
66 69 110
66 70 51
66 71 85
66 72 236
66 73 146
66 74 42
66 75 193
66 76 75
66 77 97
66 78 27
66 79 81
66 80 151
66 81 62
66 82 217
66 83 205
66 84 143
66 85 55
66 86 160
66 87 105
66 88 248
66 89 128
66 90 252
66 91 87
66 92 254
66 93 256
66 94 197
66 95 274
66 96 165
66 97 180
66 98 282
66 99 160
66 100 285
66 101 194
66 102 252
66 103 172
66 104 150
66 105 258
66 106 35
66 107 147
66 108 24
66 109 194
66 110 291
66 111 215
66 112 243
66 113 187
66 114 189
66 115 274
66 116 236
66 117 243
66 118 68
66 119 197
66 120 166
67 68 26
67 69 63
67 70 252
67 71 179
67 72 278
67 73 251
67 74 287
67 75 140
67 76 72
67 77 52
67 78 82
67 79 157
67 80 214
67 81 124
67 82 24
67 83 271
67 84 79
67 85 144
67 86 100
67 87 143
67 88 154
67 89 50
67 90 36
67 91 92
67 92 194
67 93 246
67 94 271
67 95 99
67 96 195
67 97 45
67 98 220
67 99 49
67 100 127
67 101 232
67 102 293
67 103 237
67 104 299
67 105 100
67 106 107
67 107 298
67 108 158
67 109 228
67 110 99
67 111 10
67 112 194
67 113 127
67 114 280
67 115 174
67 116 112
67 117 300
67 118 130
67 119 31
67 120 179
68 69 102
68 70 180
68 71 128
68 72 68
68 73 173
68 74 142
68 75 18
68 76 160
68 77 116
68 78 56
68 79 134
68 80 189
68 81 32
68 82 61
68 83 124
68 84 64
68 85 210
68 86 71
68 87 130
68 88 40
68 89 23
68 90 156
68 91 20
68 92 32
68 93 148
68 94 68
68 95 30
68 96 205
68 97 240
68 98 260
68 99 300
68 100 249
68 101 80
68 102 189
68 103 177
68 104 291
68 105 88
68 106 185
68 107 189
68 108 64
68 109 139
68 110 190
68 111 46
68 112 65
68 113 137
68 114 272
68 115 222
68 116 11
68 117 143
68 118 258
68 119 226
68 120 187
69 70 36
69 71 275
69 72 74
69 73 300
69 74 278
69 75 74
69 76 16
69 77 127
69 78 20
69 79 137
69 80 263
69 81 171
69 82 196
69 83 88
69 84 285
69 85 47
69 86 153
69 87 32
69 88 226
69 89 276
69 90 241
69 91 60
69 92 45
69 93 281
69 94 95
69 95 235
69 96 143
69 97 294
69 98 261
69 99 62
69 100 211
69 101 238
69 102 156
69 103 80
69 104 29
69 105 238
69 106 188
69 107 102
69 108 36
69 109 160
69 110 214
69 111 92
69 112 232
69 113 278
69 114 142
69 115 267
69 116 220
69 117 292
69 118 178
69 119 139
69 120 185
70 71 195
70 72 294
70 73 86
70 74 282
70 75 233
70 76 12
70 77 84
70 78 64
70 79 226
70 80 227
70 81 227
70 82 242
70 83 292
70 84 252
70 85 123
70 86 180
70 87 87
70 88 31
70 89 96
70 90 286
70 91 73
70 92 37
70 93 112
70 94 23
70 95 167
70 96 127
70 97 66
70 98 119
70 99 188
70 100 234
70 101 24
70 102 168
70 103 116
70 104 142
70 105 32
70 106 94
70 107 54
70 108 187
70 109 256
70 110 256
70 111 37
70 112 195
70 113 183
70 114 188
70 115 128
70 116 270
70 117 128
70 118 109
70 119 86
70 120 137
71 72 195
71 73 179
71 74 281
71 75 248
71 76 205
71 77 93
71 78 221
71 79 248
71 80 87
71 81 32
71 82 195
71 83 58
71 84 235
71 85 33
71 86 257
71 87 71
71 88 76
71 89 166
71 90 39
71 91 164
71 92 83
71 93 61
71 94 220
71 95 146
71 96 65
71 97 268
71 98 16
71 99 286
71 100 186
71 101 203
71 102 253
71 103 88
71 104 39
71 105 44
71 106 103
71 107 196
71 108 166
71 109 157
71 110 151
71 111 78
71 112 204
71 113 62
71 114 220
71 115 164
71 116 72
71 117 205
71 118 104
71 119 151
71 120 84
72 73 98
72 74 274
72 75 233
72 76 153
72 77 256
72 78 155
72 79 239
72 80 291
72 81 218
72 82 293
72 83 94
72 84 98
72 85 285
72 86 271
72 87 147
72 88 66
72 89 88
72 90 46
72 91 147
72 92 183
72 93 141
72 94 116
72 95 123
72 96 270
72 97 164
72 98 229
72 99 202
72 100 117
72 101 281
72 102 147
72 103 149
72 104 264
72 105 191
72 106 233
72 107 286
72 108 269
72 109 117
72 110 295
72 111 79
72 112 218
72 113 255
72 114 210
72 115 219
72 116 235
72 117 82
72 118 78
72 119 93
72 120 102
73 74 182
73 75 107
73 76 164
73 77 273
73 78 53
73 79 59
73 80 298
73 81 91
73 82 233
73 83 45
73 84 295
73 85 18
73 86 243
73 87 205
73 88 52
73 89 260
73 90 46
73 91 227
73 92 254
73 93 99
73 94 285
73 95 67
73 96 141
73 97 275
73 98 25
73 99 228
73 100 183
73 101 14
73 102 16
73 103 26
73 104 256
73 105 17
73 106 251
73 107 87
73 108 295
73 109 91
73 110 71
73 111 297
73 112 59
73 113 237
73 114 198
73 115 80
73 116 74
73 117 78
73 118 28
73 119 128
73 120 174
74 75 12
74 76 62
74 77 23
74 78 62
74 79 129
74 80 243
74 81 109
74 82 157
74 83 51
74 84 51
74 85 171
74 86 232
74 87 197
74 88 180
74 89 215
74 90 52
74 91 139
74 92 62
74 93 115
74 94 242
74 95 172
74 96 38
74 97 263
74 98 161
74 99 22
74 100 28
74 101 14
74 102 135
74 103 55
74 104 10
74 105 202
74 106 285
74 107 203
74 108 57
74 109 146
74 110 67
74 111 131
74 112 115
74 113 109
74 114 148
74 115 15
74 116 104
74 117 50
74 118 56
74 119 79
74 120 71
75 76 115
75 77 62
75 78 43
75 79 45
75 80 62
75 81 291
75 82 211
75 83 214
75 84 13
75 85 255
75 86 42
75 87 147
75 88 298
75 89 214
75 90 229
75 91 292
75 92 180
75 93 20
75 94 99
75 95 163
75 96 300
75 97 109
75 98 96
75 99 66
75 100 259
75 101 132
75 102 10
75 103 173
75 104 153
75 105 113
75 106 96
75 107 243
75 108 14
75 109 245
75 110 153
75 111 64
75 112 183
75 113 196
75 114 182
75 115 51
75 116 25
75 117 199
75 118 55
75 119 40
75 120 259
76 77 99
76 78 84
76 79 247
76 80 197
76 81 224
76 82 216
76 83 145
76 84 133
76 85 223
76 86 128
76 87 100
76 88 205
76 89 185
76 90 285
76 91 252
76 92 193
76 93 135
76 94 226
76 95 286
76 96 161
76 97 50
76 98 222
76 99 96
76 100 46
76 101 214
76 102 109
76 103 87
76 104 138
76 105 139
76 106 227
76 107 277
76 108 220
76 109 299
76 110 85
76 111 176
76 112 169
76 113 216
76 114 175
76 115 135
76 116 214
76 117 90
76 118 218
76 119 250
76 120 10
77 78 144
77 79 216
77 80 86
77 81 273
77 82 256
77 83 70
77 84 235
77 85 161
77 86 259
77 87 297
77 88 50
77 89 246
77 90 298
77 91 69
77 92 286
77 93 275
77 94 264
77 95 45
77 96 100
77 97 255
77 98 197
77 99 122
77 100 103
77 101 177
77 102 286
77 103 254
77 104 104
77 105 70
77 106 215
77 107 12
77 108 73
77 109 148
77 110 237
77 111 222
77 112 157
77 113 66
77 114 292
77 115 232
77 116 16
77 117 300
77 118 242
77 119 40
77 120 176
78 79 287
78 80 106
78 81 77
78 82 165
78 83 64
78 84 139
78 85 198
78 86 37
78 87 115
78 88 75
78 89 286
78 90 112
78 91 21
78 92 126
78 93 62
78 94 151
78 95 78
78 96 91
78 97 275
78 98 66
78 99 54
78 100 188
78 101 232
78 102 99
78 103 201
78 104 293
78 105 23
78 106 211
78 107 118
78 108 236
78 109 116
78 110 169
78 111 205
78 112 270
78 113 197
78 114 34
78 115 226
78 116 121
78 117 130
78 118 171
78 119 203
78 120 243
79 80 202
79 81 232
79 82 249
79 83 293
79 84 272
79 85 13
79 86 256
79 87 90
79 88 264
79 89 213
79 90 220
79 91 11
79 92 275
79 93 22
79 94 59
79 95 88
79 96 161
79 97 101
79 98 248
79 99 220
79 100 207
79 101 276
79 102 265
79 103 274
79 104 74
79 105 244
79 106 249
79 107 118
79 108 282
79 109 194
79 110 158
79 111 201
79 112 115
79 113 30
79 114 113
79 115 23
79 116 236
79 117 12
79 118 14
79 119 163
79 120 10
80 81 234
80 82 126
80 83 86
80 84 203
80 85 28
80 86 153
80 87 204
80 88 256
80 89 65
80 90 81
80 91 258
80 92 38
80 93 265
80 94 297
80 95 29
80 96 137
80 97 298
80 98 216
80 99 124
80 100 230
80 101 101
80 102 49
80 103 62
80 104 292
80 105 195
80 106 237
80 107 201
80 108 291
80 109 85
80 110 161
80 111 236
80 112 103
80 113 209
80 114 272
80 115 135
80 116 250
80 117 19
80 118 208
80 119 180
80 120 207
81 82 246
81 83 181
81 84 13
81 85 16
81 86 259
81 87 150
81 88 267
81 89 186
81 90 151
81 91 154
81 92 70
81 93 146
81 94 275
81 95 10
81 96 31
81 97 163
81 98 241
81 99 131
81 100 284
81 101 189
81 102 71
81 103 35
81 104 287
81 105 51
81 106 178
81 107 47
81 108 292
81 109 219
81 110 225
81 111 183
81 112 149
81 113 247
81 114 272
81 115 19
81 116 59
81 117 92
81 118 138
81 119 10
81 120 70
82 83 125
82 84 66
82 85 100
82 86 139
82 87 112
82 88 25
82 89 117
82 90 101
82 91 133
82 92 286
82 93 34
82 94 73
82 95 176
82 96 284
82 97 213
82 98 46
82 99 225
82 100 197
82 101 265
82 102 95
82 103 62
82 104 272
82 105 37
82 106 29
82 107 228
82 108 100
82 109 122
82 110 126
82 111 214
82 112 229
82 113 300
82 114 63
82 115 288
82 116 167
82 117 107
82 118 268
82 119 78
82 120 35
83 84 57
83 85 300
83 86 191
83 87 300
83 88 84
83 89 289
83 90 128
83 91 51
83 92 141
83 93 91
83 94 167
83 95 128
83 96 36
83 97 218
83 98 266
83 99 23
83 100 81
83 101 223
83 102 273
83 103 228
83 104 178
83 105 91
83 106 295
83 107 150
83 108 217
83 109 250
83 110 116
83 111 112
83 112 264
83 113 31
83 114 133
83 115 185
83 116 239
83 117 21
83 118 288
83 119 273
83 120 288
84 85 114
84 86 124
84 87 66
84 88 57
84 89 172
84 90 167
84 91 143
84 92 258
84 93 257
84 94 123
84 95 146
84 96 276
84 97 143
84 98 293
84 99 195
84 100 171
84 101 84
84 102 252
84 103 248
84 104 18
84 105 246
84 106 184
84 107 19
84 108 248
84 109 189
84 110 175
84 111 31
84 112 47
84 113 142
84 114 104
84 115 160
84 116 112
84 117 104
84 118 90
84 119 108
84 120 252
85 86 48
85 87 241
85 88 161
85 89 149
85 90 111
85 91 97
85 92 206
85 93 59
85 94 280
85 95 228
85 96 50
85 97 254
85 98 148
85 99 55
85 100 155
85 101 256
85 102 111
85 103 170
85 104 198
85 105 212
85 106 153
85 107 120
85 108 28
85 109 127
85 110 25
85 111 45
85 112 251
85 113 103
85 114 152
85 115 36
85 116 252
85 117 171
85 118 229
85 119 282
85 120 223
86 87 186
86 88 28
86 89 218
86 90 286
86 91 255
86 92 198
86 93 238
86 94 87
86 95 64
86 96 48
86 97 24
86 98 25
86 99 70
86 100 223
86 101 264
86 102 104
86 103 57
86 104 254
86 105 201
86 106 182
86 107 33
86 108 80
86 109 117
86 110 177
86 111 82
86 112 118
86 113 240
86 114 295
86 115 229
86 116 272
86 117 287
86 118 246
86 119 19
86 120 150
87 88 26
87 89 143
87 90 20
87 91 51
87 92 292
87 93 130
87 94 33
87 95 243
87 96 170
87 97 159
87 98 205
87 99 282
87 100 45
87 101 63
87 102 158
87 103 205
87 104 87
87 105 208
87 106 153
87 107 147
87 108 174
87 109 163
87 110 208
87 111 210
87 112 176
87 113 209
87 114 126
87 115 263
87 116 15
87 117 269
87 118 233
87 119 215
87 120 263
88 89 251
88 90 131
88 91 120
88 92 19
88 93 217
88 94 255
88 95 59
88 96 142
88 97 146
88 98 191
88 99 232
88 100 147
88 101 288
88 102 12
88 103 123
88 104 94
88 105 41
88 106 281
88 107 93
88 108 181
88 109 257
88 110 106
88 111 105
88 112 67
88 113 55
88 114 125
88 115 72
88 116 68
88 117 140
88 118 65
88 119 176
88 120 156
89 90 188
89 91 140
89 92 129
89 93 180
89 94 56
89 95 276
89 96 268
89 97 209
89 98 195
89 99 86
89 100 183
89 101 285
89 102 74
89 103 118
89 104 31
89 105 249
89 106 93
89 107 205
89 108 182
89 109 116
89 110 232
89 111 117
89 112 124
89 113 158
89 114 157
89 115 96
89 116 192
89 117 116
89 118 82
89 119 70
89 120 38
90 91 294
90 92 222
90 93 96
90 94 215
90 95 99
90 96 280
90 97 114
90 98 296
90 99 228
90 100 178
90 101 210
90 102 74
90 103 254
90 104 25
90 105 273
90 106 240
90 107 190
90 108 100
90 109 291
90 110 203
90 111 259
90 112 277
90 113 90
90 114 38
90 115 126
90 116 240
90 117 297
90 118 158
90 119 104
90 120 275
91 92 297
91 93 248
91 94 75
91 95 284
91 96 25
91 97 155
91 98 45
91 99 77
91 100 146
91 101 269
91 102 59
91 103 41
91 104 186
91 105 235
91 106 235
91 107 66
91 108 269
91 109 135
91 110 187
91 111 138
91 112 49
91 113 188
91 114 15
91 115 285
91 116 265
91 117 109
91 118 187
91 119 52
91 120 63
92 93 127
92 94 183
92 95 63
92 96 187
92 97 110
92 98 12
92 99 210
92 100 157
92 101 224
92 102 214
92 103 80
92 104 163
92 105 196
92 106 267
92 107 203
92 108 247
92 109 179
92 110 150
92 111 75
92 112 152
92 113 44
92 114 20
92 115 238
92 116 283
92 117 283
92 118 57
92 119 102
92 120 254
93 94 175
93 95 26
93 96 299
93 97 48
93 98 281
93 99 155
93 100 94
93 101 123
93 102 295
93 103 259
93 104 57
93 105 64
93 106 81
93 107 197
93 108 110
93 109 21
93 110 60
93 111 265
93 112 50
93 113 217
93 114 238
93 115 155
93 116 29
93 117 168
93 118 15
93 119 173
93 120 32
94 95 46
94 96 126
94 97 133
94 98 286
94 99 13
94 100 67
94 101 294
94 102 196
94 103 75
94 104 180
94 105 187
94 106 131
94 107 259
94 108 159
94 109 224
94 110 168
94 111 293
94 112 176
94 113 23
94 114 58
94 115 274
94 116 191
94 117 164
94 118 250
94 119 44
94 120 28
95 96 285
95 97 258
95 98 118
95 99 205
95 100 279
95 101 274
95 102 104
95 103 216
95 104 12
95 105 184
95 106 88
95 107 169
95 108 149
95 109 164
95 110 163
95 111 187
95 112 137
95 113 46
95 114 192
95 115 245
95 116 171
95 117 168
95 118 166
95 119 11
95 120 289
96 97 100
96 98 182
96 99 69
96 100 156
96 101 119
96 102 240
96 103 48
96 104 109
96 105 167
96 106 136
96 107 204
96 108 222
96 109 220
96 110 219
96 111 226
96 112 68
96 113 130
96 114 82
96 115 243
96 116 249
96 117 227
96 118 102
96 119 204
96 120 275
97 98 216
97 99 120
97 100 52
97 101 139
97 102 39
97 103 94
97 104 58
97 105 54
97 106 285
97 107 151
97 108 43
97 109 287
97 110 267
97 111 56
97 112 69
97 113 101
97 114 186
97 115 264
97 116 159
97 117 35
97 118 187
97 119 85
97 120 11
98 99 131
98 100 270
98 101 235
98 102 26
98 103 211
98 104 95
98 105 36
98 106 184
98 107 153
98 108 288
98 109 208
98 110 291
98 111 149
98 112 25
98 113 28
98 114 110
98 115 46
98 116 127
98 117 49
98 118 253
98 119 10
98 120 141
99 100 147
99 101 210
99 102 69
99 103 178
99 104 93
99 105 45
99 106 261
99 107 99
99 108 146
99 109 231
99 110 251
99 111 24
99 112 300
99 113 91
99 114 287
99 115 56
99 116 169
99 117 110
99 118 216
99 119 105
99 120 77
100 101 230
100 102 93
100 103 241
100 104 296
100 105 57
100 106 278
100 107 57
100 108 288
100 109 297
100 110 31
100 111 206
100 112 95
100 113 160
100 114 178
100 115 123
100 116 37
100 117 81
100 118 225
100 119 120
100 120 273
101 102 195
101 103 15
101 104 144
101 105 41
101 106 129
101 107 19
101 108 298
101 109 61
101 110 261
101 111 90
101 112 24
101 113 67
101 114 153
101 115 169
101 116 245
101 117 127
101 118 33
101 119 62
101 120 259
102 103 250
102 104 20
102 105 163
102 106 184
102 107 34
102 108 255
102 109 295
102 110 14
102 111 81
102 112 255
102 113 14
102 114 276
102 115 147
102 116 283
102 117 162
102 118 197
102 119 79
102 120 295
103 104 46
103 105 37
103 106 131
103 107 173
103 108 100
103 109 277
103 110 224
103 111 292
103 112 186
103 113 298
103 114 162
103 115 132
103 116 122
103 117 102
103 118 176
103 119 129
103 120 143
104 105 115
104 106 135
104 107 300
104 108 56
104 109 252
104 110 258
104 111 168
104 112 251
104 113 53
104 114 98
104 115 93
104 116 187
104 117 157
104 118 272
104 119 52
104 120 258
105 106 48
105 107 100
105 108 293
105 109 40
105 110 196
105 111 236
105 112 33
105 113 200
105 114 160
105 115 90
105 116 195
105 117 134
105 118 165
105 119 10
105 120 232
106 107 110
106 108 15
106 109 33
106 110 172
106 111 296
106 112 80
106 113 133
106 114 297
106 115 226
106 116 240
106 117 206
106 118 115
106 119 97
106 120 12
107 108 213
107 109 186
107 110 191
107 111 257
107 112 211
107 113 253
107 114 191
107 115 200
107 116 249
107 117 66
107 118 266
107 119 157
107 120 143
108 109 150
108 110 248
108 111 196
108 112 136
108 113 22
108 114 31
108 115 44
108 116 173
108 117 212
108 118 202
108 119 59
108 120 48
109 110 272
109 111 129
109 112 149
109 113 223
109 114 135
109 115 56
109 116 189
109 117 106
109 118 148
109 119 171
109 120 47
110 111 202
110 112 108
110 113 182
110 114 72
110 115 49
110 116 102
110 117 121
110 118 242
110 119 130
110 120 132
111 112 248
111 113 14
111 114 20
111 115 95
111 116 231
111 117 80
111 118 22
111 119 274
111 120 162
112 113 174
112 114 242
112 115 78
112 116 186
112 117 14
112 118 118
112 119 289
112 120 55
113 114 24
113 115 31
113 116 203
113 117 96
113 118 19
113 119 233
113 120 83
114 115 45
114 116 280
114 117 259
114 118 284
114 119 84
114 120 109
115 116 154
115 117 170
115 118 260
115 119 259
115 120 289
116 117 300
116 118 107
116 119 210
116 120 76
117 118 13
117 119 150
117 120 298
118 119 69
118 120 207
119 120 61
