100   4950
106
41 101 78 94 65 50 61 90 56 88 59 84 54 72 83 91 79 67 64 34 101 34 59 81 52 62 45 64 39 81 56 80 47 42 74 32 59 89 82 34 39 73 86 95 62 81 71 51 102 81 61 31 62 52 94 41 50 80 44 57 86 64 48 63 58 50 32 67 49 38 100 65 47 32 77 102 32 36 84 63 64 102 79 39 45 68 78 76 93 42 70 39 65 100 79 80 41 80 73 1 2 250
1 3 221
1 4 178
1 5 164
1 6 44
1 7 31
1 8 216
1 9 88
1 10 213
1 11 11
1 12 24
1 13 225
1 14 90
1 15 79
1 16 229
1 17 238
1 18 224
1 19 291
1 20 105
1 21 204
1 22 292
1 23 212
1 24 164
1 25 15
1 26 177
1 27 47
1 28 114
1 29 151
1 30 160
1 31 228
1 32 110
1 33 12
1 34 200
1 35 11
1 36 76
1 37 107
1 38 236
1 39 28
1 40 19
1 41 146
1 42 70
1 43 223
1 44 23
1 45 107
1 46 284
1 47 269
1 48 209
1 49 183
1 50 300
1 51 150
1 52 184
1 53 231
1 54 64
1 55 21
1 56 223
1 57 190
1 58 100
1 59 74
1 60 34
1 61 216
1 62 127
1 63 234
1 64 171
1 65 250
1 66 56
1 67 253
1 68 285
1 69 113
1 70 100
1 71 131
1 72 214
1 73 115
1 74 87
1 75 176
1 76 183
1 77 226
1 78 221
1 79 107
1 80 17
1 81 244
1 82 167
1 83 115
1 84 107
1 85 77
1 86 192
1 87 126
1 88 232
1 89 59
1 90 27
1 91 273
1 92 11
1 93 38
1 94 137
1 95 29
1 96 74
1 97 247
1 98 181
1 99 221
1 100 249
2 3 176
2 4 62
2 5 188
2 6 228
2 7 238
2 8 126
2 9 121
2 10 256
2 11 191
2 12 207
2 13 115
2 14 94
2 15 224
2 16 100
2 17 57
2 18 50
2 19 16
2 20 263
2 21 239
2 22 127
2 23 61
2 24 108
2 25 31
2 26 154
2 27 219
2 28 256
2 29 178
2 30 206
2 31 188
2 32 288
2 33 201
2 34 23
2 35 36
2 36 269
2 37 64
2 38 119
2 39 59
2 40 43
2 41 145
2 42 181
2 43 282
2 44 154
2 45 37
2 46 251
2 47 233
2 48 174
2 49 127
2 50 132
2 51 121
2 52 52
2 53 243
2 54 162
2 55 43
2 56 194
2 57 38
2 58 23
2 59 49
2 60 90
2 61 148
2 62 202
2 63 92
2 64 295
2 65 47
2 66 265
2 67 101
2 68 236
2 69 77
2 70 262
2 71 80
2 72 221
2 73 53
2 74 64
2 75 185
2 76 108
2 77 117
2 78 40
2 79 73
2 80 123
2 81 53
2 82 55
2 83 261
2 84 207
2 85 25
2 86 14
2 87 13
2 88 16
2 89 179
2 90 63
2 91 248
2 92 152
2 93 171
2 94 56
2 95 40
2 96 296
2 97 208
2 98 281
2 99 42
2 100 144
3 4 122
3 5 279
3 6 259
3 7 226
3 8 19
3 9 252
3 10 48
3 11 117
3 12 100
3 13 180
3 14 141
3 15 54
3 16 174
3 17 81
3 18 156
3 19 49
3 20 101
3 21 69
3 22 10
3 23 40
3 24 124
3 25 149
3 26 151
3 27 40
3 28 35
3 29 200
3 30 123
3 31 211
3 32 159
3 33 119
3 34 140
3 35 189
3 36 12
3 37 174
3 38 156
3 39 49
3 40 72
3 41 285
3 42 175
3 43 217
3 44 116
3 45 43
3 46 238
3 47 78
3 48 172
3 49 132
3 50 190
3 51 32
3 52 81
3 53 286
3 54 119
3 55 132
3 56 78
3 57 286
3 58 19
3 59 50
3 60 224
3 61 62
3 62 69
3 63 246
3 64 111
3 65 208
3 66 241
3 67 53
3 68 214
3 69 285
3 70 40
3 71 297
3 72 232
3 73 18
3 74 173
3 75 99
3 76 142
3 77 211
3 78 252
3 79 216
3 80 65
3 81 139
3 82 280
3 83 231
3 84 210
3 85 215
3 86 153
3 87 121
3 88 91
3 89 280
3 90 96
3 91 42
3 92 296
3 93 45
3 94 257
3 95 297
3 96 109
3 97 195
3 98 195
3 99 165
3 100 177
4 5 213
4 6 128
4 7 61
4 8 185
4 9 82
4 10 280
4 11 39
4 12 246
4 13 57
4 14 75
4 15 300
4 16 16
4 17 250
4 18 109
4 19 110
4 20 53
4 21 141
4 22 257
4 23 146
4 24 129
4 25 147
4 26 117
4 27 22
4 28 58
4 29 96
4 30 288
4 31 201
4 32 280
4 33 137
4 34 288
4 35 87
4 36 195
4 37 273
4 38 263
4 39 195
4 40 38
4 41 300
4 42 255
4 43 281
4 44 175
4 45 91
4 46 243
4 47 300
4 48 137
4 49 185
4 50 258
4 51 118
4 52 54
4 53 69
4 54 157
4 55 183
4 56 14
4 57 158
4 58 179
4 59 293
4 60 91
4 61 227
4 62 206
4 63 212
4 64 204
4 65 275
4 66 149
4 67 171
4 68 291
4 69 69
4 70 15
4 71 18
4 72 83
4 73 298
4 74 46
4 75 242
4 76 183
4 77 91
4 78 38
4 79 67
4 80 157
4 81 205
4 82 204
4 83 129
4 84 80
4 85 34
4 86 155
4 87 212
4 88 278
4 89 155
4 90 223
4 91 19
4 92 248
4 93 101
4 94 73
4 95 113
4 96 60
4 97 192
4 98 201
4 99 154
4 100 151
5 6 78
5 7 244
5 8 225
5 9 133
5 10 221
5 11 227
5 12 29
5 13 109
5 14 51
5 15 130
5 16 46
5 17 296
5 18 114
5 19 65
5 20 98
5 21 47
5 22 55
5 23 192
5 24 150
5 25 176
5 26 209
5 27 139
5 28 68
5 29 95
5 30 160
5 31 188
5 32 50
5 33 226
5 34 73
5 35 285
5 36 50
5 37 247
5 38 190
5 39 77
5 40 44
5 41 226
5 42 274
5 43 195
5 44 149
5 45 280
5 46 119
5 47 55
5 48 199
5 49 51
5 50 250
5 51 198
5 52 265
5 53 39
5 54 263
5 55 294
5 56 139
5 57 191
5 58 159
5 59 134
5 60 240
5 61 295
5 62 77
5 63 186
5 64 107
5 65 210
5 66 245
5 67 97
5 68 262
5 69 119
5 70 173
5 71 110
5 72 204
5 73 93
5 74 155
5 75 39
5 76 249
5 77 115
5 78 93
5 79 254
5 80 84
5 81 224
5 82 240
5 83 189
5 84 203
5 85 102
5 86 225
5 87 188
5 88 136
5 89 58
5 90 118
5 91 160
5 92 155
5 93 114
5 94 272
5 95 128
5 96 32
5 97 236
5 98 250
5 99 61
5 100 111
6 7 300
6 8 287
6 9 154
6 10 232
6 11 243
6 12 200
6 13 151
6 14 138
6 15 119
6 16 226
6 17 292
6 18 209
6 19 208
6 20 250
6 21 166
6 22 126
6 23 16
6 24 83
6 25 213
6 26 207
6 27 118
6 28 53
6 29 187
6 30 290
6 31 201
6 32 259
6 33 200
6 34 297
6 35 211
6 36 149
6 37 190
6 38 16
6 39 78
6 40 153
6 41 35
6 42 225
6 43 163
6 44 72
6 45 259
6 46 256
6 47 237
6 48 179
6 49 179
6 50 193
6 51 287
6 52 50
6 53 146
6 54 265
6 55 264
6 56 129
6 57 201
6 58 226
6 59 59
6 60 21
6 61 222
6 62 107
6 63 176
6 64 96
6 65 155
6 66 16
6 67 72
6 68 177
6 69 199
6 70 115
6 71 252
6 72 230
6 73 93
6 74 98
6 75 283
6 76 72
6 77 110
6 78 245
6 79 88
6 80 258
6 81 127
6 82 37
6 83 133
6 84 176
6 85 71
6 86 187
6 87 181
6 88 97
6 89 76
6 90 181
6 91 180
6 92 256
6 93 94
6 94 294
6 95 205
6 96 296
6 97 173
6 98 119
6 99 74
6 100 171
7 8 229
7 9 204
7 10 74
7 11 184
7 12 258
7 13 39
7 14 175
7 15 260
7 16 15
7 17 278
7 18 72
7 19 207
7 20 139
7 21 273
7 22 116
7 23 42
7 24 25
7 25 269
7 26 228
7 27 246
7 28 236
7 29 260
7 30 280
7 31 297
7 32 144
7 33 118
7 34 57
7 35 142
7 36 81
7 37 36
7 38 124
7 39 284
7 40 104
7 41 248
7 42 135
7 43 293
7 44 30
7 45 284
7 46 189
7 47 203
7 48 41
7 49 178
7 50 275
7 51 217
7 52 58
7 53 293
7 54 209
7 55 235
7 56 208
7 57 178
7 58 103
7 59 162
7 60 55
7 61 264
7 62 174
7 63 205
7 64 14
7 65 94
7 66 143
7 67 225
7 68 45
7 69 47
7 70 252
7 71 294
7 72 280
7 73 162
7 74 296
7 75 253
7 76 276
7 77 228
7 78 12
7 79 32
7 80 74
7 81 229
7 82 10
7 83 93
7 84 215
7 85 266
7 86 130
7 87 12
7 88 222
7 89 88
7 90 86
7 91 275
7 92 170
7 93 233
7 94 227
7 95 70
7 96 22
7 97 128
7 98 264
7 99 269
7 100 37
8 9 234
8 10 26
8 11 37
8 12 37
8 13 77
8 14 25
8 15 170
8 16 124
8 17 275
8 18 218
8 19 246
8 20 172
8 21 144
8 22 88
8 23 143
8 24 143
8 25 11
8 26 117
8 27 236
8 28 237
8 29 94
8 30 275
8 31 47
8 32 33
8 33 244
8 34 161
8 35 299
8 36 293
8 37 86
8 38 163
8 39 76
8 40 234
8 41 45
8 42 222
8 43 217
8 44 205
8 45 149
8 46 99
8 47 71
8 48 46
8 49 57
8 50 29
8 51 98
8 52 87
8 53 232
8 54 112
8 55 29
8 56 171
8 57 78
8 58 10
8 59 56
8 60 240
8 61 80
8 62 143
8 63 80
8 64 54
8 65 221
8 66 15
8 67 79
8 68 259
8 69 208
8 70 201
8 71 294
8 72 158
8 73 256
8 74 229
8 75 286
8 76 289
8 77 70
8 78 201
8 79 81
8 80 177
8 81 175
8 82 200
8 83 218
8 84 296
8 85 16
8 86 66
8 87 125
8 88 224
8 89 71
8 90 11
8 91 249
8 92 39
8 93 73
8 94 237
8 95 145
8 96 131
8 97 174
8 98 106
8 99 215
8 100 112
9 10 172
9 11 256
9 12 33
9 13 41
9 14 28
9 15 172
9 16 29
9 17 97
9 18 116
9 19 214
9 20 265
9 21 127
9 22 206
9 23 226
9 24 131
9 25 168
9 26 46
9 27 69
9 28 158
9 29 152
9 30 53
9 31 164
9 32 136
9 33 257
9 34 243
9 35 180
9 36 129
9 37 132
9 38 198
9 39 24
9 40 38
9 41 142
9 42 244
9 43 278
9 44 29
9 45 90
9 46 211
9 47 124
9 48 274
9 49 274
9 50 283
9 51 300
9 52 82
9 53 62
9 54 154
9 55 88
9 56 190
9 57 78
9 58 103
9 59 298
9 60 132
9 61 274
9 62 13
9 63 42
9 64 120
9 65 246
9 66 93
9 67 16
9 68 247
9 69 300
9 70 23
9 71 20
9 72 254
9 73 279
9 74 272
9 75 250
9 76 247
9 77 180
9 78 189
9 79 102
9 80 50
9 81 25
9 82 12
9 83 251
9 84 213
9 85 149
9 86 53
9 87 214
9 88 295
9 89 117
9 90 156
9 91 128
9 92 141
9 93 167
9 94 267
9 95 292
9 96 152
9 97 50
9 98 124
9 99 300
9 100 166
10 11 189
10 12 224
10 13 15
10 14 104
10 15 127
10 16 80
10 17 97
10 18 83
10 19 117
10 20 71
10 21 283
10 22 278
10 23 113
10 24 215
10 25 156
10 26 285
10 27 220
10 28 219
10 29 37
10 30 130
10 31 136
10 32 17
10 33 158
10 34 48
10 35 166
10 36 222
10 37 217
10 38 175
10 39 178
10 40 127
10 41 11
10 42 88
10 43 250
10 44 137
10 45 161
10 46 66
10 47 252
10 48 66
10 49 178
10 50 209
10 51 273
10 52 222
10 53 147
10 54 291
10 55 183
10 56 123
10 57 154
10 58 150
10 59 202
10 60 154
10 61 165
10 62 131
10 63 182
10 64 16
10 65 19
10 66 260
10 67 273
10 68 52
10 69 88
10 70 261
10 71 83
10 72 227
10 73 292
10 74 290
10 75 86
10 76 54
10 77 74
10 78 22
10 79 60
10 80 251
10 81 90
10 82 84
10 83 84
10 84 83
10 85 145
10 86 123
10 87 141
10 88 15
10 89 300
10 90 185
10 91 293
10 92 221
10 93 200
10 94 233
10 95 58
10 96 274
10 97 222
10 98 128
10 99 83
10 100 213
11 12 134
11 13 198
11 14 279
11 15 187
11 16 203
11 17 266
11 18 242
11 19 48
11 20 73
11 21 287
11 22 33
11 23 296
11 24 46
11 25 300
11 26 254
11 27 229
11 28 139
11 29 272
11 30 152
11 31 86
11 32 54
11 33 205
11 34 159
11 35 120
11 36 97
11 37 289
11 38 76
11 39 88
11 40 142
11 41 251
11 42 270
11 43 244
11 44 31
11 45 165
11 46 54
11 47 275
11 48 74
11 49 198
11 50 171
11 51 280
11 52 62
11 53 270
11 54 77
11 55 51
11 56 77
11 57 233
11 58 287
11 59 215
11 60 292
11 61 229
11 62 88
11 63 19
11 64 83
11 65 28
11 66 209
11 67 247
11 68 217
11 69 196
11 70 40
11 71 185
11 72 41
11 73 41
11 74 94
11 75 25
11 76 118
11 77 190
11 78 88
11 79 179
11 80 70
11 81 77
11 82 67
11 83 135
11 84 90
11 85 286
11 86 166
11 87 201
11 88 152
11 89 274
11 90 191
11 91 184
11 92 10
11 93 253
11 94 108
11 95 179
11 96 252
11 97 74
11 98 139
11 99 259
11 100 47
12 13 25
12 14 275
12 15 113
12 16 90
12 17 179
12 18 254
12 19 270
12 20 42
12 21 111
12 22 209
12 23 17
12 24 48
12 25 148
12 26 146
12 27 185
12 28 23
12 29 237
12 30 261
12 31 197
12 32 209
12 33 299
12 34 29
12 35 82
12 36 94
12 37 199
12 38 45
12 39 189
12 40 269
12 41 144
12 42 151
12 43 213
12 44 124
12 45 16
12 46 259
12 47 279
12 48 111
12 49 258
12 50 247
12 51 66
12 52 229
12 53 247
12 54 87
12 55 169
12 56 67
12 57 149
12 58 290
12 59 278
12 60 103
12 61 69
12 62 279
12 63 207
12 64 59
12 65 235
12 66 189
12 67 95
12 68 197
12 69 250
12 70 250
12 71 294
12 72 17
12 73 146
12 74 54
12 75 182
12 76 170
12 77 11
12 78 213
12 79 237
12 80 27
12 81 217
12 82 13
12 83 252
12 84 50
12 85 184
12 86 96
12 87 73
12 88 10
12 89 81
12 90 78
12 91 274
12 92 90
12 93 276
12 94 23
12 95 159
12 96 268
12 97 191
12 98 174
12 99 274
12 100 85
13 14 113
13 15 92
13 16 106
13 17 182
13 18 228
13 19 104
13 20 49
13 21 198
13 22 171
13 23 121
13 24 154
13 25 194
13 26 234
13 27 31
13 28 106
13 29 110
13 30 102
13 31 124
13 32 135
13 33 155
13 34 55
13 35 255
13 36 260
13 37 162
13 38 200
13 39 239
13 40 51
13 41 143
13 42 135
13 43 41
13 44 291
13 45 64
13 46 93
13 47 299
13 48 231
13 49 18
13 50 234
13 51 198
13 52 20
13 53 59
13 54 40
13 55 97
13 56 280
13 57 40
13 58 148
13 59 37
13 60 155
13 61 235
13 62 184
13 63 29
13 64 141
13 65 194
13 66 42
13 67 86
13 68 179
13 69 22
13 70 52
13 71 89
13 72 174
13 73 26
13 74 120
13 75 180
13 76 45
13 77 133
13 78 118
13 79 134
13 80 214
13 81 95
13 82 56
13 83 265
13 84 11
13 85 293
13 86 109
13 87 70
13 88 148
13 89 129
13 90 142
13 91 15
13 92 41
13 93 175
13 94 225
13 95 130
13 96 241
13 97 166
13 98 119
13 99 154
13 100 215
14 15 79
14 16 168
14 17 221
14 18 146
14 19 277
14 20 165
14 21 174
14 22 173
14 23 168
14 24 274
14 25 250
14 26 192
14 27 263
14 28 96
14 29 153
14 30 73
14 31 91
14 32 63
14 33 136
14 34 239
14 35 236
14 36 182
14 37 87
14 38 13
14 39 140
14 40 64
14 41 300
14 42 273
14 43 149
14 44 54
14 45 151
14 46 234
14 47 44
14 48 135
14 49 77
14 50 183
14 51 40
14 52 93
14 53 73
14 54 66
14 55 166
14 56 217
14 57 146
14 58 26
14 59 261
14 60 79
14 61 195
14 62 278
14 63 115
14 64 288
14 65 187
14 66 105
14 67 42
14 68 109
14 69 266
14 70 47
14 71 223
14 72 278
14 73 256
14 74 64
14 75 238
14 76 126
14 77 139
14 78 69
14 79 283
14 80 139
14 81 133
14 82 194
14 83 296
14 84 225
14 85 276
14 86 198
14 87 118
14 88 149
14 89 15
14 90 267
14 91 186
14 92 289
14 93 158
14 94 241
14 95 68
14 96 102
14 97 110
14 98 143
14 99 276
14 100 14
15 16 172
15 17 154
15 18 234
15 19 238
15 20 165
15 21 212
15 22 259
15 23 28
15 24 43
15 25 273
15 26 29
15 27 291
15 28 249
15 29 167
15 30 252
15 31 26
15 32 286
15 33 57
15 34 24
15 35 63
15 36 281
15 37 19
15 38 204
15 39 142
15 40 22
15 41 167
15 42 275
15 43 94
15 44 46
15 45 93
15 46 249
15 47 230
15 48 69
15 49 69
15 50 133
15 51 70
15 52 83
15 53 116
15 54 111
15 55 284
15 56 60
15 57 30
15 58 172
15 59 296
15 60 77
15 61 290
15 62 90
15 63 286
15 64 90
15 65 32
15 66 254
15 67 287
15 68 160
15 69 87
15 70 206
15 71 79
15 72 97
15 73 186
15 74 183
15 75 295
15 76 133
15 77 293
15 78 132
15 79 277
15 80 194
15 81 122
15 82 285
15 83 80
15 84 24
15 85 229
15 86 42
15 87 40
15 88 144
15 89 120
15 90 251
15 91 114
15 92 215
15 93 106
15 94 196
15 95 62
15 96 250
15 97 105
15 98 125
15 99 28
15 100 188
16 17 282
16 18 192
16 19 104
16 20 189
16 21 120
16 22 173
16 23 152
16 24 48
16 25 195
16 26 16
16 27 59
16 28 237
16 29 107
16 30 39
16 31 108
16 32 118
16 33 80
16 34 54
16 35 153
16 36 49
16 37 188
16 38 20
16 39 237
16 40 140
16 41 95
16 42 116
16 43 195
16 44 151
16 45 206
16 46 93
16 47 185
16 48 82
16 49 114
16 50 262
16 51 152
16 52 292
16 53 271
16 54 288
16 55 31
16 56 21
16 57 144
16 58 17
16 59 80
16 60 109
16 61 191
16 62 262
16 63 93
16 64 180
16 65 172
16 66 49
16 67 271
16 68 106
16 69 116
16 70 87
16 71 281
16 72 276
16 73 22
16 74 87
16 75 228
16 76 246
16 77 40
16 78 83
16 79 107
16 80 220
16 81 175
16 82 189
16 83 248
16 84 174
16 85 123
16 86 194
16 87 247
16 88 205
16 89 207
16 90 39
16 91 227
16 92 172
16 93 237
16 94 251
16 95 184
16 96 27
16 97 110
16 98 95
16 99 266
16 100 94
17 18 79
17 19 208
17 20 36
17 21 167
17 22 204
17 23 22
17 24 276
17 25 142
17 26 52
17 27 79
17 28 281
17 29 48
17 30 49
17 31 79
17 32 26
17 33 211
17 34 221
17 35 222
17 36 210
17 37 271
17 38 74
17 39 288
17 40 46
17 41 23
17 42 286
17 43 202
17 44 99
17 45 258
17 46 67
17 47 124
17 48 96
17 49 139
17 50 220
17 51 141
17 52 173
17 53 144
17 54 252
17 55 231
17 56 157
17 57 103
17 58 208
17 59 229
17 60 228
17 61 263
17 62 79
17 63 36
17 64 294
17 65 82
17 66 166
17 67 44
17 68 220
17 69 10
17 70 234
17 71 241
17 72 296
17 73 172
17 74 144
17 75 75
17 76 271
17 77 272
17 78 120
17 79 31
17 80 139
17 81 104
17 82 299
17 83 237
17 84 143
17 85 129
17 86 195
17 87 175
17 88 47
17 89 106
17 90 223
17 91 144
17 92 89
17 93 283
17 94 289
17 95 259
17 96 170
17 97 45
17 98 43
17 99 216
17 100 34
18 19 68
18 20 98
18 21 195
18 22 223
18 23 205
18 24 229
18 25 105
18 26 39
18 27 271
18 28 205
18 29 285
18 30 85
18 31 261
18 32 65
18 33 160
18 34 213
18 35 33
18 36 71
18 37 264
18 38 279
18 39 220
18 40 194
18 41 91
18 42 157
18 43 109
18 44 265
18 45 180
18 46 148
18 47 213
18 48 86
18 49 186
18 50 41
18 51 215
18 52 191
18 53 31
18 54 249
18 55 176
18 56 151
18 57 182
18 58 31
18 59 176
18 60 277
18 61 261
18 62 10
18 63 96
18 64 237
18 65 53
18 66 35
18 67 140
18 68 140
18 69 33
18 70 91
18 71 218
18 72 269
18 73 288
18 74 110
18 75 97
18 76 40
18 77 128
18 78 193
18 79 18
18 80 255
18 81 92
18 82 169
18 83 55
18 84 100
18 85 284
18 86 259
18 87 34
18 88 45
18 89 173
18 90 159
18 91 130
18 92 270
18 93 205
18 94 282
18 95 18
18 96 240
18 97 61
18 98 108
18 99 198
18 100 219
19 20 168
19 21 185
19 22 10
19 23 290
19 24 67
19 25 171
19 26 179
19 27 259
19 28 93
19 29 246
19 30 107
19 31 255
19 32 221
19 33 256
19 34 136
19 35 115
19 36 82
19 37 67
19 38 91
19 39 63
19 40 178
19 41 169
19 42 191
19 43 248
19 44 88
19 45 41
19 46 120
19 47 26
19 48 222
19 49 279
19 50 92
19 51 17
19 52 253
19 53 136
19 54 10
19 55 209
19 56 155
19 57 115
19 58 174
19 59 241
19 60 139
19 61 31
19 62 184
19 63 27
19 64 209
19 65 298
19 66 246
19 67 62
19 68 186
19 69 226
19 70 133
19 71 210
19 72 128
19 73 294
19 74 173
19 75 285
19 76 23
19 77 163
19 78 290
19 79 289
19 80 52
19 81 72
19 82 261
19 83 19
19 84 88
19 85 129
19 86 196
19 87 115
19 88 77
19 89 193
19 90 169
19 91 196
19 92 192
19 93 298
19 94 48
19 95 285
19 96 55
19 97 162
19 98 86
19 99 249
19 100 83
20 21 260
20 22 271
20 23 184
20 24 120
20 25 261
20 26 30
20 27 166
20 28 14
20 29 59
20 30 145
20 31 96
20 32 219
20 33 283
20 34 297
20 35 112
20 36 126
20 37 256
20 38 30
20 39 93
20 40 16
20 41 216
20 42 75
20 43 135
20 44 97
20 45 268
20 46 222
20 47 256
20 48 78
20 49 84
20 50 251
20 51 167
20 52 32
20 53 122
20 54 76
20 55 18
20 56 15
20 57 191
20 58 68
20 59 161
20 60 141
20 61 224
20 62 200
20 63 299
20 64 60
20 65 197
20 66 164
20 67 105
20 68 282
20 69 68
20 70 234
20 71 77
20 72 163
20 73 273
20 74 72
20 75 173
20 76 185
20 77 217
20 78 15
20 79 18
20 80 52
20 81 296
20 82 208
20 83 29
20 84 227
20 85 181
20 86 25
20 87 243
20 88 53
20 89 202
20 90 103
20 91 93
20 92 151
20 93 171
20 94 161
20 95 102
20 96 245
20 97 44
20 98 114
20 99 215
20 100 139
21 22 21
21 23 234
21 24 25
21 25 61
21 26 189
21 27 45
21 28 194
21 29 77
21 30 174
21 31 69
21 32 253
21 33 53
21 34 145
21 35 79
21 36 171
21 37 136
21 38 75
21 39 147
21 40 27
21 41 16
21 42 280
21 43 142
21 44 120
21 45 123
21 46 101
21 47 78
21 48 54
21 49 195
21 50 255
21 51 98
21 52 78
21 53 238
21 54 13
21 55 228
21 56 267
21 57 11
21 58 16
21 59 63
21 60 145
21 61 10
21 62 91
21 63 178
21 64 243
21 65 64
21 66 132
21 67 160
21 68 272
21 69 130
21 70 205
21 71 164
21 72 15
21 73 151
21 74 157
21 75 163
21 76 293
21 77 256
21 78 133
21 79 78
21 80 65
21 81 72
21 82 22
21 83 50
21 84 75
21 85 232
21 86 235
21 87 194
21 88 126
21 89 253
21 90 285
21 91 194
21 92 140
21 93 40
21 94 78
21 95 56
21 96 247
21 97 208
21 98 56
21 99 197
21 100 40
22 23 64
22 24 278
22 25 276
22 26 160
22 27 49
22 28 195
22 29 212
22 30 296
22 31 137
22 32 193
22 33 155
22 34 201
22 35 163
22 36 62
22 37 50
22 38 85
22 39 203
22 40 64
22 41 243
22 42 216
22 43 144
22 44 226
22 45 103
22 46 233
22 47 175
22 48 121
22 49 10
22 50 290
22 51 162
22 52 260
22 53 97
22 54 10
22 55 193
22 56 26
22 57 288
22 58 93
22 59 230
22 60 281
22 61 56
22 62 29
22 63 30
22 64 147
22 65 49
22 66 72
22 67 101
22 68 169
22 69 73
22 70 116
22 71 108
22 72 33
22 73 18
22 74 178
22 75 276
22 76 101
22 77 193
22 78 202
22 79 241
22 80 256
22 81 143
22 82 64
22 83 143
22 84 32
22 85 272
22 86 227
22 87 242
22 88 122
22 89 279
22 90 88
22 91 105
22 92 118
22 93 250
22 94 127
22 95 280
22 96 110
22 97 297
22 98 62
22 99 13
22 100 269
23 24 193
23 25 96
23 26 115
23 27 252
23 28 86
23 29 31
23 30 202
23 31 230
23 32 271
23 33 196
23 34 203
23 35 204
23 36 185
23 37 198
23 38 165
23 39 272
23 40 70
23 41 52
23 42 208
23 43 135
23 44 142
23 45 165
23 46 241
23 47 230
23 48 135
23 49 87
23 50 170
23 51 157
23 52 85
23 53 12
23 54 271
23 55 268
23 56 77
23 57 287
23 58 69
23 59 288
23 60 104
23 61 96
23 62 196
23 63 43
23 64 242
23 65 161
23 66 289
23 67 117
23 68 89
23 69 18
23 70 29
23 71 219
23 72 10
23 73 236
23 74 185
23 75 122
23 76 234
23 77 99
23 78 230
23 79 81
23 80 115
23 81 100
23 82 89
23 83 22
23 84 74
23 85 225
23 86 48
23 87 46
23 88 59
23 89 63
23 90 87
23 91 27
23 92 41
23 93 269
23 94 223
23 95 86
23 96 251
23 97 152
23 98 195
23 99 236
23 100 66
24 25 175
24 26 94
24 27 162
24 28 27
24 29 137
24 30 134
24 31 195
24 32 250
24 33 112
24 34 139
24 35 219
24 36 184
24 37 169
24 38 219
24 39 255
24 40 112
24 41 299
24 42 17
24 43 75
24 44 163
24 45 271
24 46 52
24 47 206
24 48 70
24 49 80
24 50 134
24 51 41
24 52 298
24 53 67
24 54 29
24 55 31
24 56 67
24 57 134
24 58 107
24 59 146
24 60 151
24 61 272
24 62 273
24 63 184
24 64 126
24 65 251
24 66 225
24 67 76
24 68 240
24 69 151
24 70 114
24 71 135
24 72 239
24 73 115
24 74 100
24 75 120
24 76 212
24 77 265
24 78 47
24 79 187
24 80 116
24 81 238
24 82 122
24 83 65
24 84 32
24 85 221
24 86 31
24 87 28
24 88 234
24 89 49
24 90 37
24 91 82
24 92 102
24 93 94
24 94 139
24 95 33
24 96 266
24 97 238
24 98 244
24 99 243
24 100 263
25 26 206
25 27 231
25 28 294
25 29 170
25 30 40
25 31 142
25 32 269
25 33 59
25 34 23
25 35 80
25 36 159
25 37 182
25 38 209
25 39 85
25 40 129
25 41 103
25 42 217
25 43 91
25 44 292
25 45 51
25 46 118
25 47 249
25 48 275
25 49 91
25 50 234
25 51 115
25 52 192
25 53 110
25 54 290
25 55 15
25 56 245
25 57 220
25 58 263
25 59 278
25 60 218
25 61 285
25 62 246
25 63 107
25 64 187
25 65 37
25 66 90
25 67 101
25 68 190
25 69 147
25 70 185
25 71 41
25 72 291
25 73 265
25 74 27
25 75 114
25 76 20
25 77 22
25 78 40
25 79 189
25 80 275
25 81 215
25 82 20
25 83 285
25 84 66
25 85 182
25 86 65
25 87 108
25 88 27
25 89 30
25 90 64
25 91 90
25 92 62
25 93 274
25 94 30
25 95 264
25 96 161
25 97 88
25 98 13
25 99 27
25 100 65
26 27 55
26 28 226
26 29 207
26 30 105
26 31 137
26 32 184
26 33 87
26 34 277
26 35 121
26 36 264
26 37 237
26 38 196
26 39 186
26 40 61
26 41 92
26 42 269
26 43 253
26 44 63
26 45 229
26 46 230
26 47 269
26 48 253
26 49 218
26 50 147
26 51 77
26 52 152
26 53 16
26 54 113
26 55 244
26 56 248
26 57 30
26 58 80
26 59 244
26 60 27
26 61 205
26 62 131
26 63 283
26 64 19
26 65 195
26 66 156
26 67 176
26 68 50
26 69 115
26 70 293
26 71 267
26 72 191
26 73 87
26 74 256
26 75 106
26 76 144
26 77 191
26 78 140
26 79 146
26 80 45
26 81 299
26 82 19
26 83 228
26 84 44
26 85 25
26 86 285
26 87 126
26 88 149
26 89 144
26 90 268
26 91 186
26 92 183
26 93 90
26 94 83
26 95 209
26 96 45
26 97 70
26 98 280
26 99 281
26 100 242
27 28 291
27 29 298
27 30 38
27 31 264
27 32 284
27 33 256
27 34 81
27 35 197
27 36 113
27 37 253
27 38 54
27 39 226
27 40 186
27 41 198
27 42 63
27 43 111
27 44 255
27 45 151
27 46 264
27 47 85
27 48 105
27 49 144
27 50 244
27 51 182
27 52 28
27 53 245
27 54 21
27 55 187
27 56 54
27 57 255
27 58 153
27 59 291
27 60 32
27 61 278
27 62 39
27 63 193
27 64 262
27 65 42
27 66 23
27 67 164
27 68 170
27 69 39
27 70 199
27 71 27
27 72 294
27 73 179
27 74 118
27 75 114
27 76 218
27 77 196
27 78 129
27 79 148
27 80 139
27 81 182
27 82 156
27 83 33
27 84 91
27 85 116
27 86 95
27 87 94
27 88 59
27 89 30
27 90 261
27 91 144
27 92 199
27 93 97
27 94 265
27 95 204
27 96 247
27 97 291
27 98 265
27 99 239
27 100 158
28 29 271
28 30 165
28 31 251
28 32 205
28 33 28
28 34 71
28 35 53
28 36 171
28 37 122
28 38 195
28 39 22
28 40 133
28 41 163
28 42 39
28 43 155
28 44 293
28 45 183
28 46 210
28 47 64
28 48 249
28 49 26
28 50 202
28 51 15
28 52 132
28 53 172
28 54 13
28 55 108
28 56 35
28 57 171
28 58 112
28 59 177
28 60 296
28 61 15
28 62 64
28 63 132
28 64 208
28 65 261
28 66 193
28 67 202
28 68 222
28 69 224
28 70 278
28 71 59
28 72 172
28 73 177
28 74 31
28 75 60
28 76 243
28 77 70
28 78 269
28 79 230
28 80 31
28 81 241
28 82 26
28 83 206
28 84 86
28 85 211
28 86 253
28 87 17
28 88 264
28 89 235
28 90 13
28 91 300
28 92 269
28 93 94
28 94 129
28 95 193
28 96 237
28 97 60
28 98 110
28 99 58
28 100 187
29 30 26
29 31 142
29 32 154
29 33 292
29 34 80
29 35 111
29 36 129
29 37 97
29 38 13
29 39 175
29 40 278
29 41 228
29 42 59
29 43 64
29 44 187
29 45 24
29 46 19
29 47 72
29 48 84
29 49 149
29 50 258
29 51 246
29 52 56
29 53 167
29 54 160
29 55 82
29 56 54
29 57 257
29 58 235
29 59 203
29 60 205
29 61 201
29 62 187
29 63 184
29 64 272
29 65 244
29 66 252
29 67 300
29 68 167
29 69 133
29 70 282
29 71 222
29 72 181
29 73 155
29 74 134
29 75 123
29 76 34
29 77 216
29 78 286
29 79 162
29 80 131
29 81 20
29 82 174
29 83 143
29 84 19
29 85 232
29 86 231
29 87 81
29 88 232
29 89 195
29 90 279
29 91 167
29 92 171
29 93 12
29 94 300
29 95 142
29 96 297
29 97 203
29 98 77
29 99 284
29 100 134
30 31 236
30 32 272
30 33 223
30 34 287
30 35 262
30 36 300
30 37 45
30 38 252
30 39 34
30 40 22
30 41 257
30 42 40
30 43 112
30 44 138
30 45 112
30 46 293
30 47 175
30 48 151
30 49 173
30 50 33
30 51 173
30 52 114
30 53 25
30 54 178
30 55 152
30 56 35
30 57 56
30 58 270
30 59 31
30 60 285
30 61 124
30 62 133
30 63 34
30 64 45
30 65 180
30 66 96
30 67 237
30 68 284
30 69 262
30 70 67
30 71 44
30 72 245
30 73 279
30 74 102
30 75 268
30 76 25
30 77 62
30 78 30
30 79 32
30 80 143
30 81 99
30 82 19
30 83 83
30 84 28
30 85 282
30 86 289
30 87 229
30 88 126
30 89 164
30 90 215
30 91 292
30 92 40
30 93 172
30 94 123
30 95 46
30 96 129
30 97 225
30 98 41
30 99 288
30 100 43
31 32 17
31 33 285
31 34 103
31 35 86
31 36 57
31 37 133
31 38 95
31 39 19
31 40 240
31 41 288
31 42 32
31 43 299
31 44 102
31 45 80
31 46 216
31 47 125
31 48 26
31 49 47
31 50 50
31 51 32
31 52 112
31 53 185
31 54 282
31 55 125
31 56 21
31 57 137
31 58 152
31 59 226
31 60 216
31 61 199
31 62 42
31 63 178
31 64 54
31 65 174
31 66 121
31 67 293
31 68 67
31 69 11
31 70 230
31 71 190
31 72 246
31 73 77
31 74 175
31 75 204
31 76 170
31 77 60
31 78 299
31 79 39
31 80 238
31 81 226
31 82 159
31 83 125
31 84 220
31 85 287
31 86 217
31 87 195
31 88 148
31 89 90
31 90 59
31 91 254
31 92 247
31 93 278
31 94 11
31 95 57
31 96 195
31 97 132
31 98 134
31 99 115
31 100 76
32 33 175
32 34 272
32 35 218
32 36 239
32 37 216
32 38 29
32 39 263
32 40 166
32 41 273
32 42 105
32 43 238
32 44 60
32 45 97
32 46 72
32 47 175
32 48 286
32 49 44
32 50 24
32 51 243
32 52 189
32 53 154
32 54 59
32 55 90
32 56 128
32 57 273
32 58 61
32 59 255
32 60 203
32 61 15
32 62 198
32 63 32
32 64 25
32 65 140
32 66 122
32 67 108
32 68 22
32 69 216
32 70 126
32 71 122
32 72 89
32 73 53
32 74 62
32 75 94
32 76 163
32 77 32
32 78 260
32 79 94
32 80 193
32 81 231
32 82 78
32 83 59
32 84 78
32 85 235
32 86 58
32 87 180
32 88 55
32 89 264
32 90 148
32 91 202
32 92 296
32 93 63
32 94 288
32 95 185
32 96 135
32 97 56
32 98 215
32 99 33
32 100 95
33 34 165
33 35 211
33 36 88
33 37 247
33 38 219
33 39 147
33 40 95
33 41 294
33 42 100
33 43 82
33 44 172
33 45 46
33 46 118
33 47 113
33 48 220
33 49 231
33 50 131
33 51 208
33 52 136
33 53 202
33 54 198
33 55 190
33 56 212
33 57 74
33 58 195
33 59 97
33 60 53
33 61 53
33 62 185
33 63 257
33 64 13
33 65 72
33 66 272
33 67 209
33 68 186
33 69 69
33 70 136
33 71 287
33 72 253
33 73 123
33 74 124
33 75 242
33 76 133
33 77 95
33 78 106
33 79 68
33 80 173
33 81 114
33 82 132
33 83 214
33 84 204
33 85 273
33 86 176
33 87 250
33 88 72
33 89 137
33 90 45
33 91 300
33 92 283
33 93 124
33 94 179
33 95 27
33 96 285
33 97 93
33 98 229
33 99 54
33 100 43
34 35 251
34 36 179
34 37 74
34 38 191
34 39 68
34 40 123
34 41 36
34 42 252
34 43 10
34 44 217
34 45 63
34 46 42
34 47 189
34 48 167
34 49 245
34 50 239
34 51 56
34 52 119
34 53 81
34 54 130
34 55 195
34 56 171
34 57 297
34 58 26
34 59 50
34 60 227
34 61 43
34 62 270
34 63 119
34 64 226
34 65 274
34 66 241
34 67 118
34 68 201
34 69 15
34 70 280
34 71 27
34 72 149
34 73 55
34 74 56
34 75 230
34 76 94
34 77 300
34 78 114
34 79 246
34 80 146
34 81 190
34 82 232
34 83 224
34 84 72
34 85 159
34 86 284
34 87 84
34 88 14
34 89 57
34 90 200
34 91 263
34 92 271
34 93 179
34 94 140
34 95 105
34 96 28
34 97 146
34 98 32
34 99 240
34 100 141
35 36 289
35 37 238
35 38 199
35 39 197
35 40 23
35 41 197
35 42 208
35 43 226
35 44 42
35 45 171
35 46 116
35 47 195
35 48 111
35 49 287
35 50 67
35 51 275
35 52 42
35 53 20
35 54 297
35 55 283
35 56 12
35 57 186
35 58 130
35 59 131
35 60 75
35 61 76
35 62 240
35 63 210
35 64 13
35 65 245
35 66 24
35 67 24
35 68 56
35 69 223
35 70 268
35 71 166
35 72 198
35 73 275
35 74 10
35 75 13
35 76 90
35 77 149
35 78 85
35 79 147
35 80 100
35 81 165
35 82 126
35 83 278
35 84 233
35 85 124
35 86 282
35 87 286
35 88 121
35 89 144
35 90 134
35 91 262
35 92 241
35 93 198
35 94 58
35 95 249
35 96 273
35 97 49
35 98 54
35 99 33
35 100 100
36 37 124
36 38 187
36 39 166
36 40 199
36 41 10
36 42 259
36 43 268
36 44 294
36 45 102
36 46 159
36 47 147
36 48 81
36 49 206
36 50 208
36 51 241
36 52 295
36 53 169
36 54 232
36 55 71
36 56 107
36 57 135
36 58 43
36 59 114
36 60 200
36 61 115
36 62 80
36 63 299
36 64 148
36 65 161
36 66 184
36 67 189
36 68 81
36 69 153
36 70 94
36 71 203
36 72 70
36 73 66
36 74 136
36 75 152
36 76 184
36 77 125
36 78 13
36 79 17
36 80 216
36 81 286
36 82 47
36 83 292
36 84 161
36 85 291
36 86 285
36 87 123
36 88 248
36 89 12
36 90 150
36 91 184
36 92 215
36 93 77
36 94 110
36 95 134
36 96 241
36 97 219
36 98 81
36 99 148
36 100 212
37 38 76
37 39 160
37 40 299
37 41 18
37 42 66
37 43 72
37 44 17
37 45 30
37 46 119
37 47 95
37 48 68
37 49 78
37 50 187
37 51 270
37 52 136
37 53 13
37 54 232
37 55 116
37 56 48
37 57 181
37 58 88
37 59 95
37 60 220
37 61 150
37 62 144
37 63 183
37 64 152
37 65 135
37 66 14
37 67 36
37 68 162
37 69 121
37 70 136
37 71 73
37 72 276
37 73 93
37 74 70
37 75 198
37 76 143
37 77 101
37 78 208
37 79 132
37 80 142
37 81 167
37 82 103
37 83 65
37 84 228
37 85 78
37 86 162
37 87 57
37 88 95
37 89 165
37 90 87
37 91 203
37 92 108
37 93 58
37 94 72
37 95 84
37 96 233
37 97 277
37 98 108
37 99 269
37 100 225
38 39 218
38 40 126
38 41 228
38 42 240
38 43 103
38 44 141
38 45 11
38 46 176
38 47 69
38 48 152
38 49 92
38 50 272
38 51 214
38 52 110
38 53 61
38 54 196
38 55 166
38 56 264
38 57 177
38 58 56
38 59 288
38 60 187
38 61 183
38 62 28
38 63 119
38 64 37
38 65 198
38 66 105
38 67 40
38 68 147
38 69 105
38 70 82
38 71 133
38 72 77
38 73 165
38 74 133
38 75 239
38 76 202
38 77 137
38 78 244
38 79 277
38 80 71
38 81 190
38 82 65
38 83 131
38 84 224
38 85 181
38 86 33
38 87 163
38 88 78
38 89 130
38 90 135
38 91 244
38 92 188
38 93 120
38 94 105
38 95 31
38 96 54
38 97 39
38 98 259
38 99 88
38 100 75
39 40 270
39 41 147
39 42 266
39 43 153
39 44 82
39 45 49
39 46 186
39 47 273
39 48 293
39 49 24
39 50 43
39 51 269
39 52 248
39 53 28
39 54 21
39 55 44
39 56 64
39 57 266
39 58 259
39 59 116
39 60 169
39 61 166
39 62 258
39 63 43
39 64 277
39 65 244
39 66 41
39 67 190
39 68 70
39 69 168
39 70 100
39 71 130
39 72 219
39 73 63
39 74 253
39 75 192
39 76 209
39 77 110
39 78 150
39 79 137
39 80 72
39 81 183
39 82 55
39 83 134
39 84 108
39 85 251
39 86 237
39 87 196
39 88 281
39 89 32
39 90 269
39 91 233
39 92 170
39 93 183
39 94 227
39 95 93
39 96 109
39 97 20
39 98 12
39 99 257
39 100 250
40 41 239
40 42 130
40 43 167
40 44 299
40 45 114
40 46 227
40 47 67
40 48 193
40 49 236
40 50 156
40 51 61
40 52 133
40 53 255
40 54 298
40 55 43
40 56 273
40 57 139
40 58 262
40 59 235
40 60 300
40 61 296
40 62 46
40 63 70
40 64 242
40 65 155
40 66 57
40 67 148
40 68 284
40 69 124
40 70 82
40 71 88
40 72 224
40 73 100
40 74 292
40 75 235
40 76 80
40 77 214
40 78 121
40 79 71
40 80 239
40 81 95
40 82 121
40 83 189
40 84 114
40 85 226
40 86 129
40 87 193
40 88 55
40 89 155
40 90 64
40 91 221
40 92 288
40 93 148
40 94 151
40 95 201
40 96 281
40 97 160
40 98 266
40 99 155
40 100 39
41 42 52
41 43 114
41 44 127
41 45 15
41 46 260
41 47 45
41 48 182
41 49 47
41 50 69
41 51 263
41 52 274
41 53 53
41 54 159
41 55 39
41 56 204
41 57 243
41 58 37
41 59 22
41 60 126
41 61 122
41 62 121
41 63 242
41 64 223
41 65 199
41 66 188
41 67 64
41 68 25
41 69 175
41 70 283
41 71 231
41 72 201
41 73 148
41 74 172
41 75 225
41 76 274
41 77 17
41 78 100
41 79 190
41 80 249
41 81 234
41 82 230
41 83 239
41 84 29
41 85 96
41 86 256
41 87 197
41 88 136
41 89 194
41 90 254
41 91 203
41 92 219
41 93 35
41 94 70
41 95 70
41 96 284
41 97 226
41 98 25
41 99 25
41 100 77
42 43 256
42 44 13
42 45 18
42 46 275
42 47 212
42 48 75
42 49 207
42 50 104
42 51 286
42 52 202
42 53 264
42 54 156
42 55 116
42 56 254
42 57 62
42 58 233
42 59 182
42 60 137
42 61 206
42 62 95
42 63 169
42 64 217
42 65 148
42 66 203
42 67 180
42 68 53
42 69 92
42 70 126
42 71 194
42 72 175
42 73 57
42 74 14
42 75 93
42 76 18
42 77 144
42 78 111
42 79 191
42 80 154
42 81 55
42 82 231
42 83 155
42 84 126
42 85 172
42 86 23
42 87 153
42 88 53
42 89 254
42 90 274
42 91 77
42 92 224
42 93 83
42 94 143
42 95 203
42 96 71
42 97 128
42 98 232
42 99 285
42 100 275
43 44 261
43 45 222
43 46 80
43 47 171
43 48 185
43 49 235
43 50 190
43 51 196
43 52 207
43 53 211
43 54 252
43 55 245
43 56 231
43 57 235
43 58 42
43 59 24
43 60 152
43 61 271
43 62 58
43 63 131
43 64 298
43 65 73
43 66 287
43 67 174
43 68 202
43 69 90
43 70 19
43 71 284
43 72 56
43 73 133
43 74 228
43 75 132
43 76 84
43 77 265
43 78 237
43 79 225
43 80 229
43 81 59
43 82 92
43 83 80
43 84 294
43 85 46
43 86 199
43 87 90
43 88 46
43 89 12
43 90 179
43 91 31
43 92 225
43 93 143
43 94 221
43 95 214
43 96 101
43 97 165
43 98 90
43 99 173
43 100 83
44 45 54
44 46 202
44 47 45
44 48 54
44 49 159
44 50 258
44 51 81
44 52 167
44 53 201
44 54 194
44 55 13
44 56 171
44 57 264
44 58 23
44 59 242
44 60 117
44 61 256
44 62 215
44 63 298
44 64 33
44 65 151
44 66 168
44 67 111
44 68 67
44 69 170
44 70 28
44 71 50
44 72 32
44 73 78
44 74 222
44 75 59
44 76 109
44 77 260
44 78 202
44 79 150
44 80 123
44 81 129
44 82 157
44 83 201
44 84 283
44 85 106
44 86 61
44 87 151
44 88 202
44 89 126
44 90 134
44 91 263
44 92 27
44 93 299
44 94 64
44 95 233
44 96 270
44 97 186
44 98 243
44 99 225
44 100 117
45 46 10
45 47 15
45 48 260
45 49 18
45 50 207
45 51 248
45 52 154
45 53 199
45 54 32
45 55 164
45 56 146
45 57 14
45 58 119
45 59 250
45 60 196
45 61 187
45 62 21
45 63 15
45 64 235
45 65 96
45 66 17
45 67 149
45 68 254
45 69 292
45 70 258
45 71 99
45 72 122
45 73 157
45 74 222
45 75 64
45 76 89
45 77 213
45 78 12
45 79 31
45 80 157
45 81 148
45 82 29
45 83 128
45 84 169
45 85 73
45 86 49
45 87 65
45 88 65
45 89 207
45 90 15
45 91 91
45 92 11
45 93 199
45 94 195
45 95 40
45 96 284
45 97 85
45 98 23
45 99 99
45 100 274
46 47 149
46 48 216
46 49 48
46 50 48
46 51 238
46 52 267
46 53 19
46 54 244
46 55 103
46 56 62
46 57 243
46 58 99
46 59 92
46 60 55
46 61 81
46 62 128
46 63 90
46 64 86
46 65 273
46 66 48
46 67 246
46 68 70
46 69 211
46 70 159
46 71 155
46 72 298
46 73 125
46 74 203
46 75 148
46 76 224
46 77 159
46 78 146
46 79 93
46 80 286
46 81 273
46 82 264
46 83 174
46 84 52
46 85 73
46 86 266
46 87 67
46 88 283
46 89 165
46 90 37
46 91 292
46 92 290
46 93 271
46 94 104
46 95 180
46 96 265
46 97 32
46 98 218
46 99 196
46 100 204
47 48 208
47 49 197
47 50 265
47 51 182
47 52 29
47 53 66
47 54 239
47 55 20
47 56 64
47 57 118
47 58 47
47 59 235
47 60 38
47 61 134
47 62 126
47 63 13
47 64 46
47 65 290
47 66 93
47 67 213
47 68 153
47 69 268
47 70 264
47 71 103
47 72 168
47 73 144
47 74 265
47 75 120
47 76 132
47 77 57
47 78 106
47 79 30
47 80 294
47 81 23
47 82 207
47 83 228
47 84 297
47 85 186
47 86 32
47 87 214
47 88 144
47 89 23
47 90 194
47 91 157
47 92 130
47 93 270
47 94 300
47 95 42
47 96 254
47 97 210
47 98 140
47 99 132
47 100 55
48 49 279
48 50 268
48 51 187
48 52 89
48 53 28
48 54 238
48 55 188
48 56 228
48 57 213
48 58 190
48 59 21
48 60 34
48 61 52
48 62 103
48 63 207
48 64 90
48 65 262
48 66 287
48 67 295
48 68 105
48 69 179
48 70 29
48 71 127
48 72 248
48 73 196
48 74 110
48 75 67
48 76 169
48 77 282
48 78 291
48 79 208
48 80 67
48 81 188
48 82 300
48 83 69
48 84 72
48 85 169
48 86 103
48 87 90
48 88 260
48 89 16
48 90 59
48 91 212
48 92 279
48 93 54
48 94 160
48 95 210
48 96 264
48 97 200
48 98 48
48 99 215
48 100 99
49 50 20
49 51 126
49 52 222
49 53 152
49 54 128
49 55 85
49 56 153
49 57 209
49 58 128
49 59 64
49 60 244
49 61 129
49 62 95
49 63 75
49 64 111
49 65 130
49 66 41
49 67 151
49 68 96
49 69 254
49 70 124
49 71 46
49 72 201
49 73 80
49 74 93
49 75 185
49 76 48
49 77 221
49 78 185
49 79 110
49 80 118
49 81 121
49 82 76
49 83 263
49 84 64
49 85 186
49 86 214
49 87 166
49 88 66
49 89 284
49 90 63
49 91 294
49 92 265
49 93 265
49 94 265
49 95 117
49 96 30
49 97 12
49 98 186
49 99 97
49 100 93
50 51 161
50 52 278
50 53 212
50 54 114
50 55 228
50 56 257
50 57 47
50 58 218
50 59 54
50 60 208
50 61 87
50 62 226
50 63 299
50 64 204
50 65 236
50 66 99
50 67 95
50 68 183
50 69 238
50 70 259
50 71 31
50 72 299
50 73 90
50 74 214
50 75 200
50 76 55
50 77 152
50 78 73
50 79 39
50 80 57
50 81 16
50 82 23
50 83 290
50 84 286
50 85 257
50 86 165
50 87 101
50 88 233
50 89 120
50 90 276
50 91 151
50 92 254
50 93 243
50 94 17
50 95 90
50 96 279
50 97 187
50 98 98
50 99 67
50 100 294
51 52 86
51 53 110
51 54 66
51 55 265
51 56 135
51 57 207
51 58 104
51 59 198
51 60 235
51 61 149
51 62 178
51 63 68
51 64 225
51 65 284
51 66 253
51 67 43
51 68 126
51 69 217
51 70 180
51 71 201
51 72 230
51 73 210
51 74 177
51 75 181
51 76 162
51 77 110
51 78 118
51 79 247
51 80 98
51 81 225
51 82 65
51 83 245
51 84 159
51 85 170
51 86 143
51 87 51
51 88 233
51 89 244
51 90 196
51 91 235
51 92 177
51 93 251
51 94 242
51 95 193
51 96 145
51 97 288
51 98 66
51 99 244
51 100 286
52 53 19
52 54 45
52 55 35
52 56 27
52 57 166
52 58 17
52 59 293
52 60 116
52 61 225
52 62 23
52 63 270
52 64 270
52 65 186
52 66 133
52 67 24
52 68 11
52 69 189
52 70 285
52 71 231
52 72 215
52 73 93
52 74 196
52 75 198
52 76 44
52 77 291
52 78 233
52 79 129
52 80 190
52 81 222
52 82 16
52 83 11
52 84 19
52 85 196
52 86 143
52 87 125
52 88 275
52 89 13
52 90 168
52 91 257
52 92 283
52 93 52
52 94 167
52 95 44
52 96 107
52 97 52
52 98 178
52 99 278
52 100 273
53 54 52
53 55 220
53 56 196
53 57 139
53 58 112
53 59 250
53 60 178
53 61 277
53 62 13
53 63 17
53 64 79
53 65 229
53 66 120
53 67 115
53 68 152
53 69 55
53 70 156
53 71 49
53 72 133
53 73 85
53 74 115
53 75 243
53 76 171
53 77 48
53 78 37
53 79 269
53 80 240
53 81 164
53 82 231
53 83 246
53 84 119
53 85 298
53 86 186
53 87 257
53 88 283
53 89 156
53 90 134
53 91 72
53 92 203
53 93 63
53 94 144
53 95 193
53 96 96
53 97 271
53 98 181
53 99 85
53 100 223
54 55 82
54 56 32
54 57 58
54 58 86
54 59 200
54 60 51
54 61 116
54 62 135
54 63 240
54 64 190
54 65 237
54 66 219
54 67 50
54 68 263
54 69 290
54 70 59
54 71 162
54 72 133
54 73 233
54 74 264
54 75 295
54 76 22
54 77 295
54 78 118
54 79 161
54 80 229
54 81 163
54 82 40
54 83 67
54 84 92
54 85 178
54 86 151
54 87 65
54 88 49
54 89 202
54 90 255
54 91 281
54 92 231
54 93 101
54 94 249
54 95 79
54 96 81
54 97 217
54 98 230
54 99 267
54 100 191
55 56 123
55 57 68
55 58 113
55 59 243
55 60 107
55 61 102
55 62 133
55 63 210
55 64 26
55 65 299
55 66 189
55 67 90
55 68 184
55 69 94
55 70 157
55 71 275
55 72 64
55 73 228
55 74 57
55 75 112
55 76 270
55 77 183
55 78 27
55 79 299
55 80 136
55 81 262
55 82 103
55 83 268
55 84 57
55 85 147
55 86 58
55 87 37
55 88 253
55 89 283
55 90 196
55 91 211
55 92 28
55 93 223
55 94 154
55 95 161
55 96 242
55 97 299
55 98 128
55 99 138
55 100 215
56 57 181
56 58 104
56 59 255
56 60 239
56 61 50
56 62 160
56 63 164
56 64 31
56 65 155
56 66 13
56 67 82
56 68 210
56 69 63
56 70 153
56 71 160
56 72 166
56 73 35
56 74 103
56 75 231
56 76 268
56 77 133
56 78 252
56 79 51
56 80 231
56 81 62
56 82 279
56 83 80
56 84 60
56 85 149
56 86 214
56 87 41
56 88 187
56 89 264
56 90 191
56 91 217
56 92 191
56 93 295
56 94 70
56 95 287
56 96 261
56 97 21
56 98 162
56 99 241
56 100 44
57 58 58
57 59 238
57 60 80
57 61 143
57 62 193
57 63 109
57 64 65
57 65 46
57 66 127
57 67 134
57 68 261
57 69 297
57 70 206
57 71 164
57 72 274
57 73 28
57 74 46
57 75 118
57 76 148
57 77 260
57 78 273
57 79 72
57 80 106
57 81 62
57 82 176
57 83 120
57 84 282
57 85 297
57 86 113
57 87 80
57 88 95
57 89 103
57 90 194
57 91 97
57 92 226
57 93 56
57 94 75
57 95 135
57 96 217
57 97 124
57 98 161
57 99 264
57 100 137
58 59 84
58 60 41
58 61 130
58 62 40
58 63 119
58 64 294
58 65 249
58 66 275
58 67 13
58 68 265
58 69 253
58 70 244
58 71 276
58 72 203
58 73 109
58 74 130
58 75 224
58 76 141
58 77 161
58 78 23
58 79 196
58 80 135
58 81 234
58 82 203
58 83 61
58 84 180
58 85 64
58 86 165
58 87 74
58 88 195
58 89 292
58 90 148
58 91 258
58 92 141
58 93 68
58 94 59
58 95 285
58 96 252
58 97 225
58 98 90
58 99 261
58 100 125
59 60 117
59 61 135
59 62 145
59 63 259
59 64 144
59 65 134
59 66 283
59 67 67
59 68 190
59 69 245
59 70 236
59 71 180
59 72 92
59 73 173
59 74 207
59 75 208
59 76 59
59 77 172
59 78 76
59 79 56
59 80 58
59 81 288
59 82 300
59 83 46
59 84 118
59 85 50
59 86 292
59 87 88
59 88 181
59 89 136
59 90 34
59 91 256
59 92 33
59 93 238
59 94 290
59 95 239
59 96 64
59 97 258
59 98 177
59 99 204
59 100 270
60 61 210
60 62 48
60 63 276
60 64 160
60 65 179
60 66 208
60 67 168
60 68 258
60 69 242
60 70 85
60 71 16
60 72 82
60 73 291
60 74 55
60 75 195
60 76 153
60 77 125
60 78 300
60 79 234
60 80 21
60 81 111
60 82 275
60 83 163
60 84 88
60 85 72
60 86 228
60 87 223
60 88 279
60 89 275
60 90 185
60 91 284
60 92 285
60 93 134
60 94 201
60 95 100
60 96 160
60 97 197
60 98 160
60 99 265
60 100 165
61 62 39
61 63 161
61 64 119
61 65 248
61 66 107
61 67 253
61 68 198
61 69 280
61 70 51
61 71 195
61 72 243
61 73 26
61 74 115
61 75 96
61 76 224
61 77 133
61 78 214
61 79 21
61 80 166
61 81 142
61 82 103
61 83 68
61 84 259
61 85 266
61 86 222
61 87 162
61 88 100
61 89 153
61 90 290
61 91 154
61 92 106
61 93 214
61 94 211
61 95 146
61 96 281
61 97 52
61 98 168
61 99 278
61 100 187
62 63 286
62 64 158
62 65 201
62 66 194
62 67 11
62 68 55
62 69 192
62 70 152
62 71 101
62 72 264
62 73 159
62 74 133
62 75 285
62 76 266
62 77 182
62 78 79
62 79 253
62 80 49
62 81 80
62 82 297
62 83 50
62 84 259
62 85 71
62 86 130
62 87 142
62 88 162
62 89 271
62 90 124
62 91 184
62 92 269
62 93 278
62 94 285
62 95 161
62 96 227
62 97 242
62 98 190
62 99 18
62 100 51
63 64 140
63 65 145
63 66 98
63 67 138
63 68 267
63 69 89
63 70 145
63 71 106
63 72 290
63 73 43
63 74 44
63 75 158
63 76 161
63 77 210
63 78 194
63 79 247
63 80 216
63 81 158
63 82 120
63 83 109
63 84 117
63 85 247
63 86 90
63 87 193
63 88 52
63 89 162
63 90 292
63 91 130
63 92 67
63 93 133
63 94 140
63 95 214
63 96 178
63 97 28
63 98 48
63 99 283
63 100 115
64 65 293
64 66 123
64 67 130
64 68 16
64 69 293
64 70 29
64 71 80
64 72 96
64 73 183
64 74 226
64 75 97
64 76 29
64 77 93
64 78 147
64 79 85
64 80 55
64 81 87
64 82 108
64 83 72
64 84 77
64 85 94
64 86 257
64 87 83
64 88 90
64 89 257
64 90 219
64 91 174
64 92 260
64 93 258
64 94 177
64 95 280
64 96 189
64 97 43
64 98 115
64 99 115
64 100 73
65 66 26
65 67 74
65 68 268
65 69 180
65 70 208
65 71 245
65 72 73
65 73 214
65 74 258
65 75 27
65 76 162
65 77 28
65 78 224
65 79 67
65 80 29
65 81 97
65 82 237
65 83 168
65 84 61
65 85 183
65 86 199
65 87 36
65 88 29
65 89 88
65 90 196
65 91 51
65 92 116
65 93 191
65 94 254
65 95 226
65 96 86
65 97 113
65 98 163
65 99 94
65 100 75
66 67 283
66 68 175
66 69 250
66 70 21
66 71 127
66 72 272
66 73 136
66 74 298
66 75 185
66 76 87
66 77 215
66 78 181
66 79 262
66 80 126
66 81 205
66 82 230
66 83 38
66 84 41
66 85 164
66 86 49
66 87 151
66 88 258
66 89 238
66 90 73
66 91 14
66 92 225
66 93 40
66 94 255
66 95 262
66 96 179
66 97 246
66 98 38
66 99 50
66 100 96
67 68 191
67 69 61
67 70 185
67 71 164
67 72 209
67 73 225
67 74 105
67 75 239
67 76 223
67 77 166
67 78 214
67 79 78
67 80 127
67 81 186
67 82 197
67 83 73
67 84 89
67 85 143
67 86 264
67 87 293
67 88 292
67 89 126
67 90 90
67 91 263
67 92 284
67 93 234
67 94 84
67 95 154
67 96 49
67 97 212
67 98 211
67 99 106
67 100 134
68 69 151
68 70 147
68 71 137
68 72 255
68 73 156
68 74 196
68 75 54
68 76 141
68 77 111
68 78 278
68 79 221
68 80 131
68 81 131
68 82 56
68 83 188
68 84 209
68 85 264
68 86 282
68 87 166
68 88 226
68 89 63
68 90 262
68 91 29
68 92 296
68 93 265
68 94 17
68 95 187
68 96 150
68 97 194
68 98 192
68 99 230
68 100 147
69 70 243
69 71 137
69 72 18
69 73 224
69 74 240
69 75 21
69 76 63
69 77 170
69 78 290
69 79 189
69 80 154
69 81 120
69 82 35
69 83 174
69 84 100
69 85 64
69 86 167
69 87 113
69 88 15
69 89 146
69 90 140
69 91 30
69 92 22
69 93 111
69 94 282
69 95 132
69 96 132
69 97 150
69 98 222
69 99 215
69 100 131
70 71 64
70 72 145
70 73 253
70 74 34
70 75 86
70 76 194
70 77 225
70 78 279
70 79 174
70 80 67
70 81 46
70 82 41
70 83 290
70 84 281
70 85 31
70 86 241
70 87 54
70 88 78
70 89 257
70 90 164
70 91 65
70 92 66
70 93 62
70 94 174
70 95 19
70 96 107
70 97 11
70 98 226
70 99 115
70 100 211
71 72 227
71 73 85
71 74 235
71 75 192
71 76 34
71 77 233
71 78 199
71 79 165
71 80 84
71 81 171
71 82 160
71 83 136
71 84 225
71 85 65
71 86 133
71 87 181
71 88 139
71 89 11
71 90 228
71 91 278
71 92 165
71 93 19
71 94 258
71 95 272
71 96 68
71 97 139
71 98 233
71 99 269
71 100 207
72 73 147
72 74 56
72 75 84
72 76 272
72 77 136
72 78 52
72 79 205
72 80 92
72 81 83
72 82 120
72 83 198
72 84 105
72 85 76
72 86 69
72 87 259
72 88 105
72 89 296
72 90 149
72 91 242
72 92 231
72 93 280
72 94 20
72 95 236
72 96 60
72 97 194
72 98 242
72 99 50
72 100 114
73 74 226
73 75 250
73 76 217
73 77 286
73 78 299
73 79 34
73 80 254
73 81 233
73 82 261
73 83 217
73 84 90
73 85 149
73 86 224
73 87 68
73 88 175
73 89 242
73 90 244
73 91 158
73 92 284
73 93 226
73 94 81
73 95 280
73 96 73
73 97 178
73 98 243
73 99 277
73 100 237
74 75 133
74 76 17
74 77 289
74 78 124
74 79 267
74 80 157
74 81 273
74 82 245
74 83 68
74 84 115
74 85 218
74 86 23
74 87 222
74 88 132
74 89 272
74 90 207
74 91 55
74 92 166
74 93 48
74 94 94
74 95 255
74 96 228
74 97 289
74 98 199
74 99 176
74 100 26
75 76 129
75 77 92
75 78 56
75 79 185
75 80 286
75 81 65
75 82 43
75 83 35
75 84 84
75 85 87
75 86 276
75 87 35
75 88 60
75 89 86
75 90 23
75 91 258
75 92 203
75 93 120
75 94 155
75 95 267
75 96 143
75 97 148
75 98 55
75 99 230
75 100 190
76 77 207
76 78 131
76 79 46
76 80 234
76 81 103
76 82 160
76 83 70
76 84 157
76 85 58
76 86 84
76 87 82
76 88 12
76 89 60
76 90 186
76 91 280
76 92 158
76 93 201
76 94 35
76 95 285
76 96 15
76 97 21
76 98 212
76 99 184
76 100 215
77 78 184
77 79 147
77 80 270
77 81 169
77 82 45
77 83 164
77 84 219
77 85 72
77 86 277
77 87 206
77 88 81
77 89 150
77 90 273
77 91 259
77 92 48
77 93 297
77 94 234
77 95 36
77 96 108
77 97 278
77 98 208
77 99 269
77 100 300
78 79 70
78 80 173
78 81 195
78 82 257
78 83 138
78 84 267
78 85 286
78 86 284
78 87 161
78 88 124
78 89 78
78 90 191
78 91 107
78 92 179
78 93 119
78 94 55
78 95 228
78 96 53
78 97 132
78 98 226
78 99 79
78 100 183
79 80 271
79 81 87
79 82 130
79 83 79
79 84 223
79 85 70
79 86 101
79 87 68
79 88 140
79 89 112
79 90 241
79 91 30
79 92 187
79 93 183
79 94 62
79 95 264
79 96 258
79 97 172
79 98 173
79 99 231
79 100 160
80 81 49
80 82 275
80 83 274
80 84 275
80 85 258
80 86 31
80 87 147
80 88 274
80 89 136
80 90 210
80 91 180
80 92 236
80 93 243
80 94 75
80 95 248
80 96 78
80 97 256
80 98 219
80 99 268
80 100 182
81 82 72
81 83 115
81 84 152
81 85 105
81 86 223
81 87 294
81 88 230
81 89 33
81 90 84
81 91 32
81 92 11
81 93 232
81 94 216
81 95 194
81 96 131
81 97 293
81 98 97
81 99 134
81 100 142
82 83 171
82 84 235
82 85 43
82 86 294
82 87 93
82 88 95
82 89 130
82 90 252
82 91 53
82 92 28
82 93 76
82 94 52
82 95 15
82 96 46
82 97 199
82 98 292
82 99 239
82 100 82
83 84 153
83 85 283
83 86 296
83 87 128
83 88 144
83 89 192
83 90 99
83 91 34
83 92 105
83 93 229
83 94 281
83 95 114
83 96 46
83 97 156
83 98 65
83 99 293
83 100 61
84 85 266
84 86 275
84 87 121
84 88 143
84 89 26
84 90 147
84 91 34
84 92 181
84 93 84
84 94 178
84 95 266
84 96 295
84 97 270
84 98 106
84 99 150
84 100 137
85 86 275
85 87 104
85 88 97
85 89 36
85 90 102
85 91 108
85 92 267
85 93 205
85 94 246
85 95 280
85 96 122
85 97 219
85 98 219
85 99 191
85 100 36
86 87 187
86 88 118
86 89 254
86 90 103
86 91 54
86 92 119
86 93 106
86 94 161
86 95 132
86 96 284
86 97 98
86 98 226
86 99 95
86 100 270
87 88 33
87 89 141
87 90 171
87 91 50
87 92 171
87 93 130
87 94 165
87 95 280
87 96 103
87 97 69
87 98 183
87 99 93
87 100 107
88 89 93
88 90 209
88 91 230
88 92 90
88 93 237
88 94 10
88 95 26
88 96 225
88 97 244
88 98 250
88 99 165
88 100 116
89 90 244
89 91 114
89 92 160
89 93 298
89 94 259
89 95 51
89 96 14
89 97 279
89 98 207
89 99 88
89 100 41
90 91 64
90 92 242
90 93 229
90 94 252
90 95 191
90 96 126
90 97 186
90 98 107
90 99 261
90 100 199
91 92 267
91 93 119
91 94 16
91 95 113
91 96 73
91 97 290
91 98 90
91 99 48
91 100 113
92 93 60
92 94 238
92 95 109
92 96 116
92 97 44
92 98 81
92 99 186
92 100 122
93 94 183
93 95 149
93 96 270
93 97 79
93 98 65
93 99 78
93 100 232
94 95 290
94 96 38
94 97 239
94 98 149
94 99 58
94 100 77
95 96 121
95 97 114
95 98 66
95 99 168
95 100 14
96 97 120
96 98 131
96 99 19
96 100 299
97 98 117
97 99 245
97 100 156
98 99 279
98 100 54
99 100 167
