120   7140
181
133 108 101 30 97 106 123 160 89 67 145 101 165 91 70 151 138 111 95 75 73 79 81 138 114 124 46 142 89 85 30 88 35 147 125 176 31 74 157 161 61 56 78 30 105 61 115 48 164 79 79 51 59 59 59 176 103 137 108 133 112 123 132 140 177 36 99 53 147 73 59 98 165 130 57 91 161 109 86 172 145 80 35 169 148 121 161 101 175 141 152 50 117 121 38 124 151 138 151 166 114 161 33 65 110 162 94 114 43 70 153 41 90 147 163 84 135 147 152 1 2 154
1 3 30
1 4 238
1 5 149
1 6 230
1 7 105
1 8 201
1 9 100
1 10 219
1 11 61
1 12 241
1 13 112
1 14 280
1 15 208
1 16 35
1 17 20
1 18 190
1 19 107
1 20 21
1 21 72
1 22 213
1 23 50
1 24 225
1 25 193
1 26 281
1 27 30
1 28 37
1 29 22
1 30 184
1 31 76
1 32 224
1 33 64
1 34 64
1 35 69
1 36 98
1 37 54
1 38 271
1 39 25
1 40 197
1 41 281
1 42 232
1 43 75
1 44 111
1 45 296
1 46 249
1 47 158
1 48 21
1 49 97
1 50 168
1 51 81
1 52 44
1 53 70
1 54 75
1 55 153
1 56 175
1 57 288
1 58 60
1 59 282
1 60 56
1 61 234
1 62 226
1 63 115
1 64 89
1 65 24
1 66 101
1 67 196
1 68 197
1 69 236
1 70 241
1 71 57
1 72 184
1 73 203
1 74 150
1 75 82
1 76 131
1 77 12
1 78 186
1 79 155
1 80 145
1 81 273
1 82 106
1 83 198
1 84 204
1 85 178
1 86 246
1 87 241
1 88 82
1 89 244
1 90 199
1 91 144
1 92 300
1 93 208
1 94 294
1 95 197
1 96 137
1 97 207
1 98 233
1 99 146
1 100 204
1 101 112
1 102 258
1 103 206
1 104 188
1 105 300
1 106 148
1 107 49
1 108 164
1 109 262
1 110 20
1 111 92
1 112 32
1 113 255
1 114 120
1 115 214
1 116 200
1 117 176
1 118 148
1 119 60
1 120 45
2 3 65
2 4 152
2 5 151
2 6 208
2 7 87
2 8 157
2 9 138
2 10 79
2 11 176
2 12 43
2 13 283
2 14 159
2 15 259
2 16 118
2 17 211
2 18 70
2 19 268
2 20 267
2 21 269
2 22 166
2 23 202
2 24 166
2 25 16
2 26 106
2 27 103
2 28 224
2 29 166
2 30 11
2 31 166
2 32 103
2 33 245
2 34 100
2 35 299
2 36 52
2 37 179
2 38 213
2 39 254
2 40 252
2 41 146
2 42 122
2 43 67
2 44 22
2 45 25
2 46 138
2 47 243
2 48 258
2 49 260
2 50 225
2 51 24
2 52 70
2 53 259
2 54 127
2 55 296
2 56 160
2 57 63
2 58 294
2 59 258
2 60 23
2 61 24
2 62 10
2 63 278
2 64 19
2 65 118
2 66 252
2 67 133
2 68 115
2 69 84
2 70 251
2 71 167
2 72 270
2 73 160
2 74 271
2 75 117
2 76 268
2 77 59
2 78 51
2 79 271
2 80 52
2 81 267
2 82 158
2 83 257
2 84 163
2 85 117
2 86 241
2 87 157
2 88 175
2 89 245
2 90 289
2 91 232
2 92 190
2 93 282
2 94 241
2 95 269
2 96 118
2 97 76
2 98 117
2 99 44
2 100 129
2 101 103
2 102 155
2 103 193
2 104 204
2 105 230
2 106 283
2 107 218
2 108 161
2 109 149
2 110 214
2 111 39
2 112 49
2 113 87
2 114 166
2 115 172
2 116 65
2 117 246
2 118 86
2 119 296
2 120 119
3 4 106
3 5 115
3 6 47
3 7 118
3 8 130
3 9 60
3 10 185
3 11 227
3 12 207
3 13 169
3 14 37
3 15 261
3 16 69
3 17 231
3 18 276
3 19 16
3 20 282
3 21 93
3 22 163
3 23 182
3 24 16
3 25 166
3 26 287
3 27 106
3 28 86
3 29 150
3 30 41
3 31 158
3 32 211
3 33 144
3 34 291
3 35 150
3 36 287
3 37 92
3 38 228
3 39 10
3 40 97
3 41 184
3 42 182
3 43 166
3 44 239
3 45 104
3 46 41
3 47 200
3 48 173
3 49 228
3 50 26
3 51 259
3 52 195
3 53 82
3 54 93
3 55 177
3 56 170
3 57 120
3 58 106
3 59 213
3 60 88
3 61 125
3 62 61
3 63 137
3 64 125
3 65 211
3 66 92
3 67 294
3 68 218
3 69 161
3 70 163
3 71 292
3 72 116
3 73 74
3 74 103
3 75 47
3 76 65
3 77 58
3 78 101
3 79 57
3 80 103
3 81 258
3 82 90
3 83 235
3 84 51
3 85 243
3 86 54
3 87 147
3 88 191
3 89 112
3 90 15
3 91 40
3 92 43
3 93 140
3 94 252
3 95 65
3 96 40
3 97 84
3 98 220
3 99 178
3 100 299
3 101 51
3 102 36
3 103 76
3 104 17
3 105 207
3 106 166
3 107 257
3 108 218
3 109 240
3 110 112
3 111 50
3 112 203
3 113 29
3 114 238
3 115 138
3 116 104
3 117 72
3 118 116
3 119 147
3 120 299
4 5 83
4 6 196
4 7 133
4 8 224
4 9 144
4 10 279
4 11 254
4 12 24
4 13 139
4 14 191
4 15 156
4 16 224
4 17 279
4 18 121
4 19 136
4 20 296
4 21 219
4 22 129
4 23 114
4 24 252
4 25 139
4 26 60
4 27 157
4 28 267
4 29 168
4 30 183
4 31 220
4 32 240
4 33 168
4 34 87
4 35 230
4 36 49
4 37 278
4 38 294
4 39 185
4 40 257
4 41 193
4 42 226
4 43 293
4 44 131
4 45 118
4 46 22
4 47 205
4 48 285
4 49 24
4 50 167
4 51 111
4 52 65
4 53 216
4 54 296
4 55 276
4 56 33
4 57 238
4 58 78
4 59 131
4 60 216
4 61 129
4 62 167
4 63 33
4 64 25
4 65 30
4 66 82
4 67 23
4 68 243
4 69 42
4 70 122
4 71 153
4 72 279
4 73 210
4 74 43
4 75 64
4 76 234
4 77 194
4 78 37
4 79 176
4 80 287
4 81 58
4 82 219
4 83 100
4 84 24
4 85 33
4 86 215
4 87 108
4 88 150
4 89 161
4 90 90
4 91 296
4 92 54
4 93 178
4 94 143
4 95 102
4 96 178
4 97 130
4 98 134
4 99 171
4 100 54
4 101 61
4 102 255
4 103 146
4 104 85
4 105 59
4 106 162
4 107 66
4 108 199
4 109 100
4 110 252
4 111 206
4 112 74
4 113 44
4 114 245
4 115 193
4 116 24
4 117 227
4 118 86
4 119 169
4 120 265
5 6 69
5 7 40
5 8 258
5 9 208
5 10 255
5 11 38
5 12 96
5 13 216
5 14 196
5 15 121
5 16 40
5 17 234
5 18 206
5 19 74
5 20 288
5 21 28
5 22 262
5 23 182
5 24 43
5 25 287
5 26 110
5 27 40
5 28 73
5 29 284
5 30 36
5 31 204
5 32 126
5 33 217
5 34 210
5 35 12
5 36 151
5 37 160
5 38 278
5 39 94
5 40 39
5 41 257
5 42 128
5 43 228
5 44 277
5 45 213
5 46 124
5 47 222
5 48 283
5 49 49
5 50 13
5 51 204
5 52 30
5 53 17
5 54 43
5 55 211
5 56 43
5 57 95
5 58 201
5 59 210
5 60 138
5 61 243
5 62 40
5 63 180
5 64 246
5 65 93
5 66 150
5 67 277
5 68 170
5 69 155
5 70 232
5 71 253
5 72 42
5 73 114
5 74 73
5 75 265
5 76 177
5 77 67
5 78 233
5 79 259
5 80 68
5 81 292
5 82 228
5 83 20
5 84 257
5 85 202
5 86 186
5 87 298
5 88 129
5 89 228
5 90 155
5 91 213
5 92 128
5 93 212
5 94 234
5 95 190
5 96 44
5 97 129
5 98 23
5 99 76
5 100 255
5 101 242
5 102 248
5 103 217
5 104 211
5 105 120
5 106 79
5 107 195
5 108 147
5 109 71
5 110 62
5 111 133
5 112 102
5 113 250
5 114 286
5 115 145
5 116 293
5 117 260
5 118 215
5 119 241
5 120 277
6 7 131
6 8 294
6 9 134
6 10 277
6 11 42
6 12 34
6 13 27
6 14 172
6 15 45
6 16 277
6 17 100
6 18 149
6 19 128
6 20 52
6 21 282
6 22 136
6 23 196
6 24 202
6 25 211
6 26 172
6 27 294
6 28 113
6 29 63
6 30 36
6 31 144
6 32 206
6 33 203
6 34 235
6 35 268
6 36 85
6 37 28
6 38 149
6 39 135
6 40 106
6 41 154
6 42 284
6 43 216
6 44 146
6 45 106
6 46 163
6 47 15
6 48 117
6 49 172
6 50 138
6 51 82
6 52 148
6 53 282
6 54 159
6 55 208
6 56 183
6 57 204
6 58 90
6 59 171
6 60 160
6 61 148
6 62 205
6 63 86
6 64 195
6 65 239
6 66 25
6 67 131
6 68 124
6 69 286
6 70 147
6 71 257
6 72 288
6 73 239
6 74 292
6 75 141
6 76 272
6 77 246
6 78 52
6 79 241
6 80 166
6 81 76
6 82 137
6 83 185
6 84 177
6 85 90
6 86 64
6 87 55
6 88 188
6 89 18
6 90 245
6 91 172
6 92 249
6 93 179
6 94 278
6 95 101
6 96 42
6 97 266
6 98 73
6 99 126
6 100 239
6 101 263
6 102 164
6 103 244
6 104 133
6 105 18
6 106 262
6 107 232
6 108 48
6 109 265
6 110 157
6 111 57
6 112 299
6 113 134
6 114 208
6 115 95
6 116 208
6 117 21
6 118 251
6 119 140
6 120 73
7 8 23
7 9 116
7 10 118
7 11 69
7 12 282
7 13 141
7 14 223
7 15 170
7 16 179
7 17 211
7 18 291
7 19 48
7 20 221
7 21 296
7 22 275
7 23 273
7 24 83
7 25 75
7 26 19
7 27 101
7 28 225
7 29 47
7 30 194
7 31 229
7 32 97
7 33 130
7 34 73
7 35 91
7 36 291
7 37 57
7 38 298
7 39 55
7 40 233
7 41 244
7 42 50
7 43 149
7 44 54
7 45 88
7 46 35
7 47 165
7 48 233
7 49 202
7 50 263
7 51 115
7 52 245
7 53 25
7 54 120
7 55 154
7 56 145
7 57 207
7 58 36
7 59 225
7 60 61
7 61 227
7 62 161
7 63 233
7 64 37
7 65 231
7 66 107
7 67 51
7 68 23
7 69 121
7 70 241
7 71 229
7 72 218
7 73 169
7 74 16
7 75 218
7 76 186
7 77 12
7 78 219
7 79 62
7 80 179
7 81 135
7 82 171
7 83 220
7 84 227
7 85 83
7 86 153
7 87 146
7 88 145
7 89 252
7 90 83
7 91 197
7 92 275
7 93 163
7 94 112
7 95 136
7 96 58
7 97 287
7 98 284
7 99 191
7 100 247
7 101 240
7 102 241
7 103 219
7 104 56
7 105 235
7 106 203
7 107 174
7 108 110
7 109 117
7 110 154
7 111 226
7 112 248
7 113 90
7 114 210
7 115 32
7 116 63
7 117 185
7 118 78
7 119 41
7 120 153
8 9 83
8 10 206
8 11 169
8 12 295
8 13 132
8 14 179
8 15 194
8 16 297
8 17 83
8 18 156
8 19 95
8 20 88
8 21 293
8 22 238
8 23 250
8 24 284
8 25 61
8 26 19
8 27 18
8 28 218
8 29 11
8 30 14
8 31 118
8 32 217
8 33 290
8 34 33
8 35 19
8 36 119
8 37 278
8 38 108
8 39 116
8 40 179
8 41 233
8 42 262
8 43 182
8 44 73
8 45 68
8 46 55
8 47 34
8 48 186
8 49 14
8 50 272
8 51 16
8 52 34
8 53 164
8 54 145
8 55 129
8 56 209
8 57 132
8 58 59
8 59 59
8 60 250
8 61 225
8 62 220
8 63 177
8 64 13
8 65 10
8 66 212
8 67 88
8 68 246
8 69 158
8 70 204
8 71 112
8 72 92
8 73 165
8 74 36
8 75 209
8 76 263
8 77 112
8 78 269
8 79 146
8 80 58
8 81 151
8 82 285
8 83 181
8 84 146
8 85 269
8 86 261
8 87 82
8 88 174
8 89 86
8 90 32
8 91 73
8 92 31
8 93 206
8 94 297
8 95 220
8 96 143
8 97 224
8 98 299
8 99 125
8 100 132
8 101 88
8 102 81
8 103 114
8 104 94
8 105 136
8 106 294
8 107 118
8 108 41
8 109 50
8 110 116
8 111 287
8 112 160
8 113 73
8 114 77
8 115 38
8 116 134
8 117 19
8 118 130
8 119 284
8 120 268
9 10 66
9 11 114
9 12 54
9 13 127
9 14 238
9 15 135
9 16 101
9 17 228
9 18 273
9 19 83
9 20 260
9 21 31
9 22 88
9 23 298
9 24 113
9 25 239
9 26 192
9 27 300
9 28 251
9 29 103
9 30 110
9 31 56
9 32 241
9 33 101
9 34 106
9 35 238
9 36 254
9 37 188
9 38 278
9 39 83
9 40 300
9 41 109
9 42 252
9 43 173
9 44 219
9 45 242
9 46 173
9 47 108
9 48 65
9 49 257
9 50 14
9 51 44
9 52 17
9 53 133
9 54 273
9 55 226
9 56 70
9 57 275
9 58 26
9 59 94
9 60 282
9 61 290
9 62 298
9 63 24
9 64 125
9 65 224
9 66 187
9 67 275
9 68 137
9 69 137
9 70 39
9 71 214
9 72 125
9 73 44
9 74 238
9 75 11
9 76 280
9 77 152
9 78 110
9 79 150
9 80 203
9 81 247
9 82 233
9 83 190
9 84 19
9 85 180
9 86 66
9 87 137
9 88 297
9 89 94
9 90 192
9 91 281
9 92 273
9 93 128
9 94 268
9 95 250
9 96 156
9 97 118
9 98 188
9 99 203
9 100 39
9 101 297
9 102 139
9 103 48
9 104 169
9 105 258
9 106 79
9 107 111
9 108 122
9 109 85
9 110 131
9 111 105
9 112 39
9 113 159
9 114 201
9 115 100
9 116 219
9 117 239
9 118 215
9 119 160
9 120 73
10 11 182
10 12 45
10 13 211
10 14 161
10 15 204
10 16 132
10 17 89
10 18 78
10 19 41
10 20 159
10 21 79
10 22 270
10 23 266
10 24 74
10 25 140
10 26 200
10 27 189
10 28 123
10 29 164
10 30 141
10 31 282
10 32 184
10 33 88
10 34 147
10 35 216
10 36 273
10 37 57
10 38 117
10 39 64
10 40 279
10 41 213
10 42 122
10 43 111
10 44 79
10 45 121
10 46 88
10 47 71
10 48 216
10 49 78
10 50 100
10 51 157
10 52 153
10 53 109
10 54 23
10 55 229
10 56 281
10 57 24
10 58 242
10 59 49
10 60 25
10 61 171
10 62 240
10 63 222
10 64 11
10 65 270
10 66 133
10 67 111
10 68 152
10 69 230
10 70 122
10 71 60
10 72 50
10 73 256
10 74 227
10 75 212
10 76 224
10 77 169
10 78 270
10 79 59
10 80 109
10 81 26
10 82 67
10 83 285
10 84 234
10 85 280
10 86 118
10 87 202
10 88 91
10 89 97
10 90 98
10 91 291
10 92 195
10 93 145
10 94 102
10 95 264
10 96 159
10 97 102
10 98 28
10 99 212
10 100 44
10 101 73
10 102 23
10 103 290
10 104 22
10 105 28
10 106 136
10 107 101
10 108 72
10 109 170
10 110 156
10 111 59
10 112 88
10 113 116
10 114 162
10 115 153
10 116 108
10 117 35
10 118 252
10 119 61
10 120 256
11 12 269
11 13 30
11 14 197
11 15 288
11 16 56
11 17 268
11 18 90
11 19 137
11 20 256
11 21 251
11 22 281
11 23 282
11 24 76
11 25 115
11 26 196
11 27 224
11 28 206
11 29 133
11 30 250
11 31 240
11 32 52
11 33 27
11 34 10
11 35 54
11 36 217
11 37 164
11 38 17
11 39 224
11 40 88
11 41 238
11 42 185
11 43 88
11 44 112
11 45 148
11 46 31
11 47 148
11 48 243
11 49 90
11 50 270
11 51 132
11 52 121
11 53 44
11 54 95
11 55 117
11 56 160
11 57 20
11 58 74
11 59 16
11 60 238
11 61 153
11 62 288
11 63 59
11 64 200
11 65 192
11 66 122
11 67 17
11 68 61
11 69 206
11 70 84
11 71 242
11 72 218
11 73 42
11 74 42
11 75 176
11 76 68
11 77 192
11 78 164
11 79 289
11 80 100
11 81 216
11 82 137
11 83 105
11 84 17
11 85 78
11 86 69
11 87 230
11 88 113
11 89 156
11 90 74
11 91 94
11 92 47
11 93 277
11 94 227
11 95 139
11 96 242
11 97 122
11 98 285
11 99 10
11 100 97
11 101 201
11 102 123
11 103 47
11 104 249
11 105 212
11 106 156
11 107 49
11 108 141
11 109 181
11 110 299
11 111 48
11 112 124
11 113 194
11 114 180
11 115 158
11 116 172
11 117 146
11 118 206
11 119 261
11 120 191
12 13 156
12 14 174
12 15 170
12 16 199
12 17 33
12 18 221
12 19 263
12 20 32
12 21 34
12 22 97
12 23 23
12 24 262
12 25 216
12 26 57
12 27 204
12 28 101
12 29 130
12 30 266
12 31 22
12 32 193
12 33 119
12 34 192
12 35 176
12 36 190
12 37 238
12 38 200
12 39 11
12 40 73
12 41 98
12 42 238
12 43 13
12 44 292
12 45 77
12 46 82
12 47 131
12 48 55
12 49 173
12 50 280
12 51 272
12 52 153
12 53 84
12 54 134
12 55 153
12 56 116
12 57 149
12 58 24
12 59 116
12 60 183
12 61 222
12 62 297
12 63 47
12 64 155
12 65 66
12 66 292
12 67 253
12 68 283
12 69 208
12 70 38
12 71 185
12 72 169
12 73 185
12 74 224
12 75 144
12 76 227
12 77 238
12 78 106
12 79 295
12 80 26
12 81 23
12 82 276
12 83 92
12 84 26
12 85 201
12 86 145
12 87 34
12 88 109
12 89 115
12 90 53
12 91 193
12 92 253
12 93 237
12 94 174
12 95 129
12 96 74
12 97 26
12 98 107
12 99 276
12 100 171
12 101 204
12 102 150
12 103 105
12 104 88
12 105 56
12 106 243
12 107 13
12 108 220
12 109 24
12 110 124
12 111 221
12 112 188
12 113 266
12 114 218
12 115 44
12 116 274
12 117 84
12 118 47
12 119 175
12 120 196
13 14 191
13 15 14
13 16 229
13 17 247
13 18 26
13 19 212
13 20 68
13 21 24
13 22 227
13 23 235
13 24 169
13 25 267
13 26 256
13 27 44
13 28 82
13 29 262
13 30 220
13 31 85
13 32 103
13 33 80
13 34 15
13 35 229
13 36 289
13 37 222
13 38 72
13 39 269
13 40 129
13 41 55
13 42 285
13 43 251
13 44 133
13 45 208
13 46 38
13 47 61
13 48 65
13 49 87
13 50 203
13 51 127
13 52 281
13 53 192
13 54 249
13 55 165
13 56 115
13 57 97
13 58 88
13 59 46
13 60 60
13 61 239
13 62 63
13 63 83
13 64 40
13 65 281
13 66 24
13 67 167
13 68 173
13 69 131
13 70 31
13 71 245
13 72 127
13 73 298
13 74 299
13 75 268
13 76 40
13 77 254
13 78 169
13 79 131
13 80 147
13 81 241
13 82 109
13 83 149
13 84 11
13 85 148
13 86 244
13 87 11
13 88 196
13 89 214
13 90 72
13 91 172
13 92 36
13 93 15
13 94 161
13 95 61
13 96 106
13 97 95
13 98 148
13 99 23
13 100 10
13 101 255
13 102 161
13 103 290
13 104 51
13 105 167
13 106 291
13 107 155
13 108 64
13 109 218
13 110 38
13 111 230
13 112 21
13 113 204
13 114 174
13 115 142
13 116 72
13 117 260
13 118 272
13 119 237
13 120 208
14 15 155
14 16 205
14 17 198
14 18 246
14 19 271
14 20 162
14 21 20
14 22 37
14 23 125
14 24 114
14 25 161
14 26 63
14 27 83
14 28 12
14 29 44
14 30 48
14 31 89
14 32 275
14 33 39
14 34 58
14 35 181
14 36 170
14 37 70
14 38 251
14 39 174
14 40 155
14 41 130
14 42 57
14 43 103
14 44 12
14 45 155
14 46 187
14 47 35
14 48 136
14 49 251
14 50 25
14 51 95
14 52 59
14 53 73
14 54 44
14 55 96
14 56 112
14 57 267
14 58 137
14 59 225
14 60 211
14 61 115
14 62 101
14 63 11
14 64 196
14 65 249
14 66 98
14 67 64
14 68 234
14 69 81
14 70 44
14 71 233
14 72 96
14 73 98
14 74 111
14 75 126
14 76 176
14 77 272
14 78 22
14 79 237
14 80 151
14 81 63
14 82 58
14 83 236
14 84 246
14 85 107
14 86 35
14 87 33
14 88 22
14 89 169
14 90 270
14 91 78
14 92 36
14 93 217
14 94 292
14 95 53
14 96 146
14 97 208
14 98 258
14 99 232
14 100 297
14 101 234
14 102 135
14 103 112
14 104 263
14 105 110
14 106 122
14 107 221
14 108 10
14 109 136
14 110 32
14 111 172
14 112 87
14 113 286
14 114 236
14 115 149
14 116 252
14 117 290
14 118 194
14 119 75
14 120 249
15 16 98
15 17 233
15 18 67
15 19 42
15 20 123
15 21 181
15 22 44
15 23 46
15 24 255
15 25 271
15 26 277
15 27 92
15 28 59
15 29 295
15 30 252
15 31 41
15 32 61
15 33 211
15 34 276
15 35 211
15 36 168
15 37 144
15 38 187
15 39 173
15 40 119
15 41 236
15 42 290
15 43 139
15 44 272
15 45 123
15 46 30
15 47 80
15 48 210
15 49 83
15 50 65
15 51 181
15 52 33
15 53 285
15 54 150
15 55 29
15 56 73
15 57 71
15 58 224
15 59 226
15 60 262
15 61 195
15 62 113
15 63 164
15 64 291
15 65 26
15 66 260
15 67 190
15 68 52
15 69 59
15 70 26
15 71 152
15 72 112
15 73 51
15 74 62
15 75 300
15 76 194
15 77 134
15 78 248
15 79 222
15 80 78
15 81 129
15 82 20
15 83 58
15 84 200
15 85 104
15 86 97
15 87 272
15 88 164
15 89 92
15 90 107
15 91 81
15 92 193
15 93 266
15 94 147
15 95 143
15 96 232
15 97 125
15 98 187
15 99 270
15 100 119
15 101 204
15 102 81
15 103 289
15 104 79
15 105 177
15 106 47
15 107 103
15 108 246
15 109 26
15 110 91
15 111 104
15 112 213
15 113 31
15 114 25
15 115 82
15 116 82
15 117 54
15 118 153
15 119 270
15 120 287
16 17 57
16 18 152
16 19 170
16 20 114
16 21 26
16 22 21
16 23 250
16 24 147
16 25 140
16 26 256
16 27 114
16 28 45
16 29 58
16 30 204
16 31 263
16 32 65
16 33 193
16 34 117
16 35 128
16 36 44
16 37 253
16 38 251
16 39 55
16 40 144
16 41 298
16 42 105
16 43 82
16 44 226
16 45 136
16 46 298
16 47 259
16 48 267
16 49 173
16 50 278
16 51 38
16 52 35
16 53 263
16 54 83
16 55 45
16 56 248
16 57 92
16 58 236
16 59 43
16 60 90
16 61 170
16 62 239
16 63 77
16 64 192
16 65 53
16 66 124
16 67 153
16 68 161
16 69 215
16 70 229
16 71 177
16 72 243
16 73 134
16 74 142
16 75 152
16 76 38
16 77 51
16 78 99
16 79 108
16 80 169
16 81 17
16 82 32
16 83 210
16 84 260
16 85 276
16 86 125
16 87 274
16 88 260
16 89 63
16 90 278
16 91 16
16 92 106
16 93 107
16 94 77
16 95 296
16 96 17
16 97 129
16 98 131
16 99 65
16 100 23
16 101 296
16 102 181
16 103 202
16 104 49
16 105 105
16 106 167
16 107 286
16 108 294
16 109 151
16 110 69
16 111 247
16 112 38
16 113 209
16 114 171
16 115 102
16 116 254
16 117 153
16 118 136
16 119 299
16 120 183
17 18 55
17 19 86
17 20 11
17 21 230
17 22 262
17 23 70
17 24 71
17 25 271
17 26 156
17 27 232
17 28 85
17 29 108
17 30 48
17 31 127
17 32 166
17 33 172
17 34 145
17 35 65
17 36 57
17 37 261
17 38 149
17 39 71
17 40 248
17 41 54
17 42 240
17 43 227
17 44 184
17 45 299
17 46 288
17 47 104
17 48 25
17 49 226
17 50 229
17 51 56
17 52 64
17 53 167
17 54 226
17 55 34
17 56 61
17 57 112
17 58 260
17 59 46
17 60 16
17 61 153
17 62 26
17 63 113
17 64 40
17 65 220
17 66 193
17 67 12
17 68 75
17 69 297
17 70 80
17 71 251
17 72 166
17 73 213
17 74 68
17 75 10
17 76 118
17 77 281
17 78 217
17 79 243
17 80 91
17 81 47
17 82 13
17 83 132
17 84 254
17 85 49
17 86 172
17 87 189
17 88 295
17 89 43
17 90 243
17 91 281
17 92 205
17 93 143
17 94 253
17 95 242
17 96 70
17 97 138
17 98 135
17 99 261
17 100 238
17 101 171
17 102 164
17 103 141
17 104 16
17 105 28
17 106 72
17 107 253
17 108 145
17 109 242
17 110 68
17 111 101
17 112 125
17 113 42
17 114 270
17 115 62
17 116 12
17 117 175
17 118 231
17 119 172
17 120 167
18 19 274
18 20 176
18 21 129
18 22 183
18 23 27
18 24 219
18 25 269
18 26 265
18 27 251
18 28 225
18 29 174
18 30 92
18 31 98
18 32 133
18 33 213
18 34 256
18 35 31
18 36 244
18 37 172
18 38 160
18 39 161
18 40 113
18 41 89
18 42 166
18 43 233
18 44 104
18 45 116
18 46 236
18 47 153
18 48 251
18 49 66
18 50 268
18 51 18
18 52 203
18 53 261
18 54 155
18 55 242
18 56 146
18 57 188
18 58 198
18 59 49
18 60 214
18 61 253
18 62 266
18 63 102
18 64 165
18 65 164
18 66 106
18 67 242
18 68 281
18 69 285
18 70 217
18 71 275
18 72 172
18 73 210
18 74 127
18 75 280
18 76 75
18 77 132
18 78 97
18 79 113
18 80 117
18 81 108
18 82 123
18 83 71
18 84 136
18 85 87
18 86 290
18 87 291
18 88 187
18 89 210
18 90 153
18 91 175
18 92 282
18 93 147
18 94 91
18 95 18
18 96 154
18 97 210
18 98 143
18 99 204
18 100 162
18 101 188
18 102 265
18 103 96
18 104 11
18 105 255
18 106 87
18 107 257
18 108 79
18 109 218
18 110 276
18 111 98
18 112 225
18 113 284
18 114 254
18 115 16
18 116 133
18 117 284
18 118 42
18 119 166
18 120 46
19 20 275
19 21 141
19 22 224
19 23 291
19 24 135
19 25 194
19 26 243
19 27 30
19 28 261
19 29 91
19 30 192
19 31 50
19 32 243
19 33 257
19 34 203
19 35 186
19 36 289
19 37 72
19 38 91
19 39 283
19 40 216
19 41 253
19 42 108
19 43 161
19 44 244
19 45 84
19 46 224
19 47 181
19 48 158
19 49 55
19 50 208
19 51 85
19 52 292
19 53 250
19 54 200
19 55 32
19 56 79
19 57 48
19 58 46
19 59 275
19 60 28
19 61 35
19 62 259
19 63 299
19 64 34
19 65 163
19 66 285
19 67 167
19 68 268
19 69 112
19 70 170
19 71 244
19 72 174
19 73 238
19 74 242
19 75 110
19 76 94
19 77 56
19 78 210
19 79 89
19 80 278
19 81 122
19 82 254
19 83 210
19 84 130
19 85 276
19 86 281
19 87 153
19 88 151
19 89 155
19 90 137
19 91 226
19 92 39
19 93 64
19 94 225
19 95 10
19 96 238
19 97 57
19 98 64
19 99 251
19 100 245
19 101 219
19 102 27
19 103 79
19 104 119
19 105 153
19 106 240
19 107 112
19 108 41
19 109 206
19 110 266
19 111 231
19 112 44
19 113 264
19 114 129
19 115 230
19 116 80
19 117 184
19 118 47
19 119 155
19 120 89
20 21 201
20 22 240
20 23 66
20 24 36
20 25 10
20 26 11
20 27 277
20 28 25
20 29 215
20 30 46
20 31 86
20 32 84
20 33 121
20 34 106
20 35 152
20 36 50
20 37 139
20 38 231
20 39 246
20 40 243
20 41 202
20 42 125
20 43 201
20 44 189
20 45 90
20 46 208
20 47 201
20 48 111
20 49 116
20 50 92
20 51 278
20 52 229
20 53 139
20 54 258
20 55 236
20 56 125
20 57 97
20 58 96
20 59 74
20 60 150
20 61 175
20 62 193
20 63 11
20 64 17
20 65 31
20 66 60
20 67 154
20 68 82
20 69 54
20 70 218
20 71 61
20 72 117
20 73 246
20 74 290
20 75 128
20 76 204
20 77 17
20 78 142
20 79 18
20 80 265
20 81 44
20 82 237
20 83 134
20 84 107
20 85 35
20 86 87
20 87 177
20 88 177
20 89 171
20 90 158
20 91 174
20 92 240
20 93 44
20 94 192
20 95 188
20 96 162
20 97 257
20 98 28
20 99 152
20 100 289
20 101 276
20 102 77
20 103 221
20 104 229
20 105 54
20 106 75
20 107 15
20 108 40
20 109 244
20 110 281
20 111 220
20 112 192
20 113 161
20 114 233
20 115 193
20 116 87
20 117 251
20 118 85
20 119 36
20 120 277
21 22 254
21 23 95
21 24 281
21 25 100
21 26 36
21 27 85
21 28 15
21 29 158
21 30 140
21 31 78
21 32 227
21 33 286
21 34 187
21 35 285
21 36 106
21 37 62
21 38 165
21 39 289
21 40 162
21 41 198
21 42 208
21 43 58
21 44 279
21 45 162
21 46 276
21 47 133
21 48 282
21 49 115
21 50 106
21 51 139
21 52 208
21 53 189
21 54 29
21 55 257
21 56 207
21 57 121
21 58 215
21 59 291
21 60 294
21 61 35
21 62 73
21 63 41
21 64 230
21 65 23
21 66 211
21 67 292
21 68 102
21 69 297
21 70 26
21 71 273
21 72 192
21 73 22
21 74 141
21 75 179
21 76 247
21 77 116
21 78 149
21 79 42
21 80 141
21 81 170
21 82 172
21 83 138
21 84 26
21 85 207
21 86 234
21 87 254
21 88 269
21 89 237
21 90 114
21 91 111
21 92 129
21 93 135
21 94 192
21 95 228
21 96 150
21 97 138
21 98 84
21 99 22
21 100 259
21 101 134
21 102 62
21 103 138
21 104 39
21 105 193
21 106 104
21 107 20
21 108 213
21 109 111
21 110 181
21 111 101
21 112 63
21 113 141
21 114 237
21 115 123
21 116 86
21 117 242
21 118 193
21 119 172
21 120 224
22 23 55
22 24 280
22 25 28
22 26 77
22 27 240
22 28 15
22 29 201
22 30 129
22 31 245
22 32 146
22 33 283
22 34 96
22 35 77
22 36 260
22 37 32
22 38 197
22 39 134
22 40 84
22 41 81
22 42 151
22 43 157
22 44 72
22 45 252
22 46 288
22 47 290
22 48 277
22 49 112
22 50 201
22 51 197
22 52 209
22 53 297
22 54 197
22 55 106
22 56 12
22 57 191
22 58 12
22 59 111
22 60 205
22 61 268
22 62 157
22 63 44
22 64 218
22 65 112
22 66 217
22 67 261
22 68 39
22 69 80
22 70 88
22 71 96
22 72 259
22 73 249
22 74 26
22 75 82
22 76 284
22 77 160
22 78 112
22 79 104
22 80 158
22 81 39
22 82 114
22 83 115
22 84 285
22 85 163
22 86 288
22 87 221
22 88 277
22 89 41
22 90 82
22 91 70
22 92 244
22 93 162
22 94 200
22 95 276
22 96 129
22 97 151
22 98 62
22 99 133
22 100 250
22 101 125
22 102 165
22 103 87
22 104 85
22 105 273
22 106 256
22 107 215
22 108 226
22 109 253
22 110 235
22 111 32
22 112 24
22 113 155
22 114 160
22 115 275
22 116 276
22 117 284
22 118 145
22 119 267
22 120 31
23 24 227
23 25 12
23 26 258
23 27 170
23 28 126
23 29 277
23 30 224
23 31 127
23 32 275
23 33 132
23 34 169
23 35 132
23 36 132
23 37 252
23 38 234
23 39 234
23 40 222
23 41 218
23 42 272
23 43 90
23 44 63
23 45 208
23 46 275
23 47 74
23 48 32
23 49 175
23 50 287
23 51 60
23 52 246
23 53 187
23 54 54
23 55 195
23 56 265
23 57 199
23 58 284
23 59 74
23 60 245
23 61 107
23 62 149
23 63 89
23 64 200
23 65 43
23 66 23
23 67 160
23 68 81
23 69 243
23 70 62
23 71 137
23 72 91
23 73 172
23 74 256
23 75 33
23 76 32
23 77 43
23 78 247
23 79 115
23 80 89
23 81 198
23 82 47
23 83 229
23 84 16
23 85 210
23 86 259
23 87 156
23 88 224
23 89 29
23 90 162
23 91 84
23 92 247
23 93 56
23 94 51
23 95 270
23 96 45
23 97 157
23 98 21
23 99 249
23 100 161
23 101 289
23 102 278
23 103 163
23 104 219
23 105 142
23 106 15
23 107 101
23 108 257
23 109 203
23 110 62
23 111 73
23 112 106
23 113 102
23 114 194
23 115 25
23 116 54
23 117 267
23 118 127
23 119 300
23 120 39
24 25 284
24 26 178
24 27 122
24 28 57
24 29 14
24 30 12
24 31 121
24 32 178
24 33 218
24 34 99
24 35 169
24 36 107
24 37 42
24 38 262
24 39 239
24 40 146
24 41 273
24 42 169
24 43 157
24 44 255
24 45 30
24 46 260
24 47 15
24 48 281
24 49 276
24 50 30
24 51 258
24 52 110
24 53 55
24 54 54
24 55 201
24 56 242
24 57 251
24 58 210
24 59 267
24 60 272
24 61 119
24 62 130
24 63 24
24 64 268
24 65 135
24 66 140
24 67 77
24 68 187
24 69 63
24 70 44
24 71 44
24 72 191
24 73 166
24 74 55
24 75 270
24 76 208
24 77 220
24 78 32
24 79 294
24 80 190
24 81 247
24 82 72
24 83 101
24 84 156
24 85 22
24 86 259
24 87 125
24 88 57
24 89 197
24 90 159
24 91 34
24 92 194
24 93 71
24 94 17
24 95 185
24 96 298
24 97 180
24 98 180
24 99 157
24 100 116
24 101 260
24 102 171
24 103 100
24 104 88
24 105 204
24 106 95
24 107 121
24 108 25
24 109 123
24 110 114
24 111 61
24 112 197
24 113 182
24 114 19
24 115 122
24 116 248
24 117 148
24 118 182
24 119 278
24 120 96
25 26 168
25 27 90
25 28 97
25 29 29
25 30 21
25 31 193
25 32 39
25 33 246
25 34 225
25 35 61
25 36 215
25 37 62
25 38 210
25 39 94
25 40 180
25 41 133
25 42 183
25 43 193
25 44 49
25 45 58
25 46 168
25 47 21
25 48 210
25 49 152
25 50 64
25 51 70
25 52 60
25 53 45
25 54 122
25 55 226
25 56 112
25 57 73
25 58 271
25 59 175
25 60 210
25 61 221
25 62 147
25 63 207
25 64 267
25 65 142
25 66 82
25 67 189
25 68 144
25 69 222
25 70 224
25 71 189
25 72 168
25 73 204
25 74 73
25 75 81
25 76 79
25 77 67
25 78 227
25 79 149
25 80 129
25 81 189
25 82 47
25 83 164
25 84 253
25 85 56
25 86 199
25 87 172
25 88 265
25 89 17
25 90 56
25 91 258
25 92 47
25 93 46
25 94 49
25 95 179
25 96 66
25 97 43
25 98 27
25 99 48
25 100 19
25 101 153
25 102 139
25 103 172
25 104 66
25 105 199
25 106 291
25 107 286
25 108 98
25 109 194
25 110 292
25 111 143
25 112 119
25 113 276
25 114 96
25 115 98
25 116 69
25 117 39
25 118 58
25 119 48
25 120 167
26 27 203
26 28 126
26 29 260
26 30 206
26 31 57
26 32 110
26 33 131
26 34 72
26 35 22
26 36 286
26 37 108
26 38 219
26 39 100
26 40 248
26 41 122
26 42 222
26 43 134
26 44 164
26 45 186
26 46 117
26 47 169
26 48 108
26 49 50
26 50 138
26 51 91
26 52 122
26 53 136
26 54 43
26 55 40
26 56 242
26 57 90
26 58 38
26 59 48
26 60 31
26 61 18
26 62 158
26 63 34
26 64 222
26 65 97
26 66 148
26 67 130
26 68 278
26 69 60
26 70 202
26 71 183
26 72 216
26 73 22
26 74 39
26 75 192
26 76 128
26 77 22
26 78 250
26 79 235
26 80 39
26 81 135
26 82 88
26 83 102
26 84 27
26 85 21
26 86 251
26 87 158
26 88 127
26 89 130
26 90 30
26 91 21
26 92 255
26 93 195
26 94 48
26 95 199
26 96 238
26 97 201
26 98 137
26 99 212
26 100 214
26 101 55
26 102 10
26 103 106
26 104 32
26 105 117
26 106 290
26 107 71
26 108 195
26 109 42
26 110 48
26 111 195
26 112 13
26 113 184
26 114 244
26 115 138
26 116 225
26 117 89
26 118 35
26 119 21
26 120 51
27 28 204
27 29 87
27 30 235
27 31 279
27 32 209
27 33 200
27 34 62
27 35 168
27 36 88
27 37 202
27 38 250
27 39 245
27 40 16
27 41 19
27 42 26
27 43 261
27 44 87
27 45 143
27 46 12
27 47 129
27 48 241
27 49 207
27 50 95
27 51 247
27 52 145
27 53 149
27 54 260
27 55 170
27 56 95
27 57 225
27 58 91
27 59 271
27 60 176
27 61 23
27 62 212
27 63 81
27 64 173
27 65 202
27 66 204
27 67 173
27 68 96
27 69 198
27 70 265
27 71 294
27 72 182
27 73 271
27 74 268
27 75 172
27 76 275
27 77 100
27 78 231
27 79 75
27 80 161
27 81 111
27 82 186
27 83 147
27 84 284
27 85 116
27 86 271
27 87 232
27 88 73
27 89 156
27 90 234
27 91 173
27 92 211
27 93 281
27 94 186
27 95 140
27 96 132
27 97 237
27 98 132
27 99 114
27 100 281
27 101 150
27 102 171
27 103 146
27 104 36
27 105 258
27 106 163
27 107 212
27 108 274
27 109 125
27 110 284
27 111 256
27 112 136
27 113 144
27 114 43
27 115 273
27 116 135
27 117 214
27 118 43
27 119 179
27 120 33
28 29 207
28 30 100
28 31 246
28 32 256
28 33 161
28 34 144
28 35 21
28 36 264
28 37 107
28 38 52
28 39 236
28 40 291
28 41 251
28 42 284
28 43 154
28 44 117
28 45 81
28 46 267
28 47 138
28 48 88
28 49 100
28 50 162
28 51 59
28 52 125
28 53 64
28 54 199
28 55 262
28 56 205
28 57 123
28 58 66
28 59 286
28 60 161
28 61 11
28 62 270
28 63 248
28 64 65
28 65 153
28 66 195
28 67 294
28 68 132
28 69 215
28 70 21
28 71 48
28 72 277
28 73 246
28 74 282
28 75 87
28 76 122
28 77 257
28 78 229
28 79 32
28 80 179
28 81 104
28 82 152
28 83 238
28 84 46
28 85 57
28 86 45
28 87 117
28 88 119
28 89 69
28 90 246
28 91 99
28 92 163
28 93 106
28 94 241
28 95 79
28 96 260
28 97 30
28 98 21
28 99 234
28 100 175
28 101 257
28 102 113
28 103 139
28 104 139
28 105 64
28 106 247
28 107 207
28 108 141
28 109 168
28 110 160
28 111 259
28 112 43
28 113 164
28 114 24
28 115 10
28 116 58
28 117 228
28 118 28
28 119 169
28 120 121
29 30 64
29 31 264
29 32 97
29 33 185
29 34 119
29 35 188
29 36 69
29 37 289
29 38 87
29 39 122
29 40 182
29 41 193
29 42 211
29 43 34
29 44 136
29 45 110
29 46 40
29 47 175
29 48 222
29 49 240
29 50 206
29 51 268
29 52 167
29 53 236
29 54 75
29 55 237
29 56 290
29 57 300
29 58 73
29 59 142
29 60 92
29 61 52
29 62 34
29 63 201
29 64 215
29 65 297
29 66 184
29 67 258
29 68 298
29 69 211
29 70 22
29 71 212
29 72 178
29 73 58
29 74 46
29 75 193
29 76 86
29 77 222
29 78 94
29 79 87
29 80 69
29 81 106
29 82 167
29 83 209
29 84 13
29 85 50
29 86 100
29 87 201
29 88 98
29 89 189
29 90 125
29 91 68
29 92 287
29 93 23
29 94 178
29 95 241
29 96 296
29 97 138
29 98 190
29 99 121
29 100 83
29 101 24
29 102 189
29 103 209
29 104 252
29 105 34
29 106 16
29 107 145
29 108 244
29 109 10
29 110 24
29 111 53
29 112 163
29 113 215
29 114 156
29 115 32
29 116 35
29 117 139
29 118 91
29 119 253
29 120 155
30 31 165
30 32 157
30 33 176
30 34 231
30 35 203
30 36 104
30 37 36
30 38 51
30 39 31
30 40 201
30 41 82
30 42 171
30 43 211
30 44 276
30 45 196
30 46 238
30 47 258
30 48 290
30 49 198
30 50 71
30 51 92
30 52 70
30 53 75
30 54 199
30 55 230
30 56 69
30 57 172
30 58 249
30 59 168
30 60 71
30 61 263
30 62 166
30 63 280
30 64 145
30 65 87
30 66 258
30 67 77
30 68 272
30 69 125
30 70 90
30 71 155
30 72 257
30 73 112
30 74 141
30 75 72
30 76 17
30 77 177
30 78 198
30 79 35
30 80 235
30 81 265
30 82 25
30 83 264
30 84 21
30 85 24
30 86 25
30 87 25
30 88 198
30 89 144
30 90 154
30 91 76
30 92 79
30 93 269
30 94 180
30 95 178
30 96 90
30 97 222
30 98 179
30 99 283
30 100 66
30 101 40
30 102 43
30 103 70
30 104 225
30 105 246
30 106 157
30 107 118
30 108 74
30 109 178
30 110 243
30 111 186
30 112 82
30 113 89
30 114 131
30 115 136
30 116 226
30 117 60
30 118 280
30 119 100
30 120 293
31 32 275
31 33 93
31 34 273
31 35 282
31 36 79
31 37 175
31 38 71
31 39 189
31 40 62
31 41 197
31 42 275
31 43 269
31 44 277
31 45 195
31 46 295
31 47 101
31 48 209
31 49 127
31 50 299
31 51 215
31 52 41
31 53 176
31 54 174
31 55 89
31 56 190
31 57 185
31 58 227
31 59 59
31 60 279
31 61 126
31 62 197
31 63 149
31 64 217
31 65 13
31 66 222
31 67 143
31 68 167
31 69 281
31 70 192
31 71 252
31 72 142
31 73 270
31 74 211
31 75 16
31 76 28
31 77 270
31 78 139
31 79 117
31 80 79
31 81 285
31 82 87
31 83 279
31 84 111
31 85 228
31 86 129
31 87 90
31 88 225
31 89 204
31 90 115
31 91 91
31 92 258
31 93 214
31 94 74
31 95 204
31 96 88
31 97 174
31 98 185
31 99 217
31 100 128
31 101 25
31 102 209
31 103 256
31 104 41
31 105 298
31 106 33
31 107 220
31 108 53
31 109 255
31 110 58
31 111 85
31 112 266
31 113 116
31 114 45
31 115 273
31 116 35
31 117 186
31 118 88
31 119 173
31 120 185
32 33 187
32 34 148
32 35 77
32 36 28
32 37 97
32 38 218
32 39 288
32 40 291
32 41 128
32 42 277
32 43 201
32 44 212
32 45 46
32 46 119
32 47 289
32 48 179
32 49 26
32 50 172
32 51 156
32 52 261
32 53 138
32 54 26
32 55 120
32 56 82
32 57 214
32 58 50
32 59 105
32 60 167
32 61 117
32 62 58
32 63 196
32 64 203
32 65 124
32 66 31
32 67 223
32 68 122
32 69 109
32 70 189
32 71 142
32 72 290
32 73 116
32 74 153
32 75 249
32 76 118
32 77 280
32 78 28
32 79 201
32 80 161
32 81 149
32 82 93
32 83 19
32 84 49
32 85 242
32 86 251
32 87 300
32 88 167
32 89 82
32 90 94
32 91 98
32 92 246
32 93 25
32 94 152
32 95 265
32 96 175
32 97 94
32 98 24
32 99 167
32 100 201
32 101 256
32 102 25
32 103 58
32 104 279
32 105 203
32 106 259
32 107 158
32 108 66
32 109 274
32 110 231
32 111 167
32 112 24
32 113 255
32 114 187
32 115 263
32 116 244
32 117 287
32 118 238
32 119 282
32 120 99
33 34 292
33 35 49
33 36 63
33 37 101
33 38 133
33 39 86
33 40 197
33 41 239
33 42 70
33 43 278
33 44 188
33 45 219
33 46 276
33 47 179
33 48 261
33 49 192
33 50 167
33 51 120
33 52 210
33 53 186
33 54 223
33 55 252
33 56 284
33 57 35
33 58 121
33 59 74
33 60 230
33 61 201
33 62 178
33 63 165
33 64 207
33 65 97
33 66 116
33 67 108
33 68 53
33 69 47
33 70 190
33 71 226
33 72 252
33 73 32
33 74 250
33 75 203
33 76 83
33 77 122
33 78 262
33 79 231
33 80 163
33 81 44
33 82 37
33 83 197
33 84 150
33 85 115
33 86 217
33 87 18
33 88 85
33 89 177
33 90 208
33 91 99
33 92 216
33 93 70
33 94 162
33 95 157
33 96 214
33 97 153
33 98 110
33 99 69
33 100 116
33 101 100
33 102 276
33 103 275
33 104 40
33 105 138
33 106 239
33 107 41
33 108 59
33 109 211
33 110 16
33 111 29
33 112 108
33 113 86
33 114 258
33 115 270
33 116 150
33 117 262
33 118 182
33 119 85
33 120 124
34 35 245
34 36 277
34 37 109
34 38 257
34 39 174
34 40 296
34 41 289
34 42 252
34 43 112
34 44 156
34 45 54
34 46 13
34 47 242
34 48 20
34 49 49
34 50 194
34 51 222
34 52 12
34 53 172
34 54 41
34 55 116
34 56 135
34 57 205
34 58 262
34 59 298
34 60 184
34 61 117
34 62 235
34 63 266
34 64 221
34 65 72
34 66 114
34 67 285
34 68 61
34 69 70
34 70 25
34 71 187
34 72 56
34 73 112
34 74 33
34 75 182
34 76 222
34 77 189
34 78 272
34 79 177
34 80 274
34 81 283
34 82 185
34 83 142
34 84 293
34 85 242
34 86 134
34 87 113
34 88 246
34 89 56
34 90 231
34 91 218
34 92 223
34 93 187
34 94 204
34 95 299
34 96 260
34 97 83
34 98 165
34 99 122
34 100 107
34 101 275
34 102 52
34 103 13
34 104 158
34 105 104
34 106 87
34 107 122
34 108 77
34 109 206
34 110 252
34 111 17
34 112 264
34 113 215
34 114 29
34 115 188
34 116 300
34 117 134
34 118 182
34 119 15
34 120 154
35 36 286
35 37 226
35 38 171
35 39 158
35 40 25
35 41 222
35 42 121
35 43 178
35 44 33
35 45 114
35 46 265
35 47 176
35 48 24
35 49 232
35 50 156
35 51 59
35 52 98
35 53 44
35 54 124
35 55 259
35 56 135
35 57 87
35 58 149
35 59 163
35 60 82
35 61 62
35 62 35
35 63 129
35 64 105
35 65 15
35 66 176
35 67 26
35 68 168
35 69 148
35 70 253
35 71 214
35 72 202
35 73 227
35 74 241
35 75 58
35 76 247
35 77 25
35 78 193
35 79 161
35 80 222
35 81 293
35 82 284
35 83 10
35 84 287
35 85 275
35 86 82
35 87 196
35 88 233
35 89 46
35 90 240
35 91 272
35 92 157
35 93 36
35 94 111
35 95 224
35 96 258
35 97 147
35 98 77
35 99 122
35 100 278
35 101 125
35 102 24
35 103 45
35 104 42
35 105 18
35 106 57
35 107 221
35 108 279
35 109 61
35 110 167
35 111 144
35 112 39
35 113 60
35 114 74
35 115 175
35 116 226
35 117 215
35 118 266
35 119 39
35 120 34
36 37 63
36 38 295
36 39 52
36 40 214
36 41 109
36 42 140
36 43 12
36 44 217
36 45 115
36 46 298
36 47 47
36 48 133
36 49 32
36 50 175
36 51 180
36 52 205
36 53 237
36 54 250
36 55 49
36 56 62
36 57 242
36 58 30
36 59 231
36 60 222
36 61 113
36 62 122
36 63 197
36 64 227
36 65 238
36 66 260
36 67 19
36 68 242
36 69 245
36 70 132
36 71 127
36 72 236
36 73 196
36 74 180
36 75 249
36 76 166
36 77 274
36 78 11
36 79 256
36 80 115
36 81 207
36 82 129
36 83 287
36 84 123
36 85 253
36 86 96
36 87 216
36 88 280
36 89 283
36 90 280
36 91 69
36 92 104
36 93 281
36 94 289
36 95 233
36 96 155
36 97 173
36 98 213
36 99 227
36 100 297
36 101 17
36 102 236
36 103 18
36 104 130
36 105 297
36 106 231
36 107 283
36 108 270
36 109 131
36 110 180
36 111 90
36 112 36
36 113 258
36 114 158
36 115 46
36 116 54
36 117 18
36 118 214
36 119 93
36 120 15
37 38 110
37 39 91
37 40 59
37 41 23
37 42 279
37 43 93
37 44 27
37 45 65
37 46 243
37 47 297
37 48 191
37 49 296
37 50 293
37 51 94
37 52 90
37 53 35
37 54 199
37 55 247
37 56 286
37 57 15
37 58 146
37 59 78
37 60 106
37 61 93
37 62 271
37 63 129
37 64 62
37 65 166
37 66 258
37 67 298
37 68 193
37 69 258
37 70 266
37 71 295
37 72 169
37 73 41
37 74 219
37 75 53
37 76 263
37 77 267
37 78 181
37 79 230
37 80 171
37 81 140
37 82 162
37 83 159
37 84 276
37 85 134
37 86 28
37 87 212
37 88 223
37 89 41
37 90 265
37 91 82
37 92 121
37 93 273
37 94 163
37 95 38
37 96 175
37 97 211
37 98 208
37 99 135
37 100 29
37 101 26
37 102 56
37 103 183
37 104 166
37 105 10
37 106 191
37 107 125
37 108 230
37 109 245
37 110 254
37 111 192
37 112 89
37 113 89
37 114 87
37 115 286
37 116 262
37 117 246
37 118 289
37 119 219
37 120 48
38 39 53
38 40 83
38 41 101
38 42 121
38 43 67
38 44 126
38 45 171
38 46 60
38 47 156
38 48 31
38 49 240
38 50 244
38 51 181
38 52 85
38 53 173
38 54 270
38 55 275
38 56 250
38 57 58
38 58 268
38 59 114
38 60 117
38 61 141
38 62 201
38 63 157
38 64 147
38 65 78
38 66 290
38 67 125
38 68 98
38 69 26
38 70 30
38 71 146
38 72 282
38 73 101
38 74 215
38 75 138
38 76 131
38 77 167
38 78 145
38 79 121
38 80 137
38 81 95
38 82 167
38 83 148
38 84 228
38 85 39
38 86 66
38 87 78
38 88 282
38 89 249
38 90 139
38 91 41
38 92 293
38 93 42
38 94 95
38 95 74
38 96 120
38 97 298
38 98 33
38 99 239
38 100 134
38 101 27
38 102 235
38 103 112
38 104 22
38 105 124
38 106 145
38 107 83
38 108 144
38 109 56
38 110 115
38 111 279
38 112 105
38 113 77
38 114 93
38 115 14
38 116 187
38 117 83
38 118 163
38 119 41
38 120 148
39 40 171
39 41 228
39 42 77
39 43 178
39 44 189
39 45 119
39 46 292
39 47 62
39 48 245
39 49 225
39 50 247
39 51 236
39 52 135
39 53 210
39 54 125
39 55 88
39 56 287
39 57 36
39 58 21
39 59 200
39 60 96
39 61 220
39 62 151
39 63 134
39 64 284
39 65 29
39 66 160
39 67 289
39 68 155
39 69 156
39 70 238
39 71 186
39 72 59
39 73 134
39 74 297
39 75 30
39 76 50
39 77 213
39 78 247
39 79 115
39 80 74
39 81 264
39 82 285
39 83 272
39 84 111
39 85 65
39 86 246
39 87 246
39 88 143
39 89 149
39 90 78
39 91 114
39 92 206
39 93 142
39 94 270
39 95 170
39 96 199
39 97 107
39 98 288
39 99 222
39 100 130
39 101 144
39 102 21
39 103 122
39 104 42
39 105 142
39 106 189
39 107 252
39 108 254
39 109 22
39 110 145
39 111 177
39 112 62
39 113 92
39 114 63
39 115 76
39 116 188
39 117 248
39 118 14
39 119 200
39 120 237
40 41 219
40 42 153
40 43 156
40 44 92
40 45 89
40 46 96
40 47 14
40 48 135
40 49 126
40 50 180
40 51 135
40 52 65
40 53 39
40 54 241
40 55 278
40 56 243
40 57 14
40 58 251
40 59 36
40 60 279
40 61 94
40 62 82
40 63 45
40 64 245
40 65 43
40 66 266
40 67 240
40 68 153
40 69 131
40 70 30
40 71 27
40 72 35
40 73 115
40 74 33
40 75 261
40 76 206
40 77 114
40 78 253
40 79 273
40 80 180
40 81 94
40 82 190
40 83 13
40 84 241
40 85 22
40 86 92
40 87 90
40 88 269
40 89 272
40 90 166
40 91 262
40 92 51
40 93 257
40 94 155
40 95 255
40 96 186
40 97 49
40 98 16
40 99 237
40 100 201
40 101 269
40 102 77
40 103 64
40 104 287
40 105 68
40 106 134
40 107 158
40 108 50
40 109 19
40 110 136
40 111 140
40 112 89
40 113 254
40 114 253
40 115 206
40 116 35
40 117 107
40 118 26
40 119 170
40 120 10
41 42 39
41 43 117
41 44 132
41 45 239
41 46 85
41 47 297
41 48 144
41 49 203
41 50 100
41 51 202
41 52 253
41 53 160
41 54 12
41 55 149
41 56 96
41 57 15
41 58 298
41 59 205
41 60 281
41 61 291
41 62 148
41 63 263
41 64 237
41 65 256
41 66 212
41 67 222
41 68 47
41 69 136
41 70 208
41 71 216
41 72 213
41 73 103
41 74 202
41 75 259
41 76 120
41 77 125
41 78 128
41 79 217
41 80 143
41 81 213
41 82 116
41 83 228
41 84 248
41 85 291
41 86 238
41 87 143
41 88 125
41 89 211
41 90 170
41 91 170
41 92 274
41 93 179
41 94 122
41 95 124
41 96 164
41 97 56
41 98 77
41 99 59
41 100 122
41 101 218
41 102 161
41 103 55
41 104 165
41 105 117
41 106 118
41 107 91
41 108 127
41 109 263
41 110 163
41 111 273
41 112 146
41 113 96
41 114 144
41 115 124
41 116 120
41 117 40
41 118 19
41 119 231
41 120 282
42 43 39
42 44 190
42 45 208
42 46 160
42 47 188
42 48 169
42 49 175
42 50 247
42 51 233
42 52 85
42 53 266
42 54 280
42 55 222
42 56 30
42 57 142
42 58 249
42 59 99
42 60 141
42 61 226
42 62 151
42 63 205
42 64 111
42 65 67
42 66 256
42 67 292
42 68 46
42 69 181
42 70 40
42 71 188
42 72 276
42 73 189
42 74 35
42 75 252
42 76 148
42 77 27
42 78 273
42 79 184
42 80 177
42 81 295
42 82 48
42 83 13
42 84 170
42 85 16
42 86 172
42 87 117
42 88 94
42 89 198
42 90 214
42 91 206
42 92 31
42 93 103
42 94 104
42 95 81
42 96 182
42 97 269
42 98 40
42 99 164
42 100 218
42 101 201
42 102 230
42 103 231
42 104 189
42 105 75
42 106 154
42 107 259
42 108 49
42 109 91
42 110 34
42 111 13
42 112 240
42 113 95
42 114 207
42 115 125
42 116 109
42 117 134
42 118 235
42 119 156
42 120 127
43 44 130
43 45 224
43 46 86
43 47 126
43 48 173
43 49 84
43 50 258
43 51 188
43 52 100
43 53 43
43 54 242
43 55 264
43 56 23
43 57 45
43 58 16
43 59 194
43 60 233
43 61 257
43 62 78
43 63 188
43 64 17
43 65 88
43 66 120
43 67 86
43 68 69
43 69 77
43 70 198
43 71 208
43 72 111
43 73 57
43 74 280
43 75 119
43 76 150
43 77 24
43 78 48
43 79 171
43 80 102
43 81 131
43 82 218
43 83 279
43 84 214
43 85 269
43 86 145
43 87 165
43 88 10
43 89 234
43 90 257
43 91 210
43 92 262
43 93 97
43 94 72
43 95 25
43 96 122
43 97 38
43 98 119
43 99 119
43 100 90
43 101 106
43 102 265
43 103 143
43 104 275
43 105 258
43 106 49
43 107 188
43 108 186
43 109 206
43 110 67
43 111 191
43 112 24
43 113 108
43 114 118
43 115 18
43 116 117
43 117 121
43 118 245
43 119 232
43 120 115
44 45 288
44 46 99
44 47 280
44 48 23
44 49 166
44 50 14
44 51 272
44 52 246
44 53 76
44 54 39
44 55 46
44 56 62
44 57 110
44 58 184
44 59 184
44 60 77
44 61 213
44 62 162
44 63 216
44 64 148
44 65 85
44 66 203
44 67 174
44 68 141
44 69 199
44 70 136
44 71 24
44 72 11
44 73 166
44 74 271
44 75 139
44 76 29
44 77 153
44 78 70
44 79 223
44 80 85
44 81 124
44 82 286
44 83 244
44 84 39
44 85 194
44 86 84
44 87 147
44 88 135
44 89 161
44 90 223
44 91 287
44 92 121
44 93 212
44 94 72
44 95 69
44 96 47
44 97 116
44 98 285
44 99 283
44 100 135
44 101 112
44 102 130
44 103 54
44 104 177
44 105 298
44 106 219
44 107 208
44 108 19
44 109 287
44 110 29
44 111 64
44 112 290
44 113 153
44 114 151
44 115 255
44 116 10
44 117 40
44 118 191
44 119 225
44 120 122
45 46 218
45 47 154
45 48 150
45 49 270
45 50 146
45 51 258
45 52 194
45 53 279
45 54 74
45 55 263
45 56 298
45 57 108
45 58 291
45 59 188
45 60 221
45 61 220
45 62 22
45 63 284
45 64 163
45 65 222
45 66 195
45 67 270
45 68 67
45 69 89
45 70 298
45 71 280
45 72 110
45 73 184
45 74 18
45 75 126
45 76 78
45 77 237
45 78 279
45 79 192
45 80 216
45 81 42
45 82 78
45 83 220
45 84 176
45 85 89
45 86 220
45 87 170
45 88 259
45 89 77
45 90 111
45 91 191
45 92 137
45 93 71
45 94 26
45 95 72
45 96 278
45 97 192
45 98 139
45 99 118
45 100 265
45 101 79
45 102 222
45 103 271
45 104 30
45 105 228
45 106 229
45 107 276
45 108 76
45 109 232
45 110 295
45 111 253
45 112 118
45 113 97
45 114 147
45 115 253
45 116 280
45 117 128
45 118 170
45 119 254
45 120 275
46 47 121
46 48 189
46 49 105
46 50 276
46 51 297
46 52 134
46 53 126
46 54 195
46 55 180
46 56 14
46 57 161
46 58 145
46 59 282
46 60 194
46 61 134
46 62 14
46 63 189
46 64 156
46 65 196
46 66 82
46 67 172
46 68 96
46 69 134
46 70 89
46 71 154
46 72 59
46 73 135
46 74 285
46 75 161
46 76 24
46 77 53
46 78 201
46 79 29
46 80 202
46 81 146
46 82 63
46 83 258
46 84 149
46 85 259
46 86 282
46 87 240
46 88 147
46 89 280
46 90 90
46 91 137
46 92 198
46 93 138
46 94 269
46 95 267
46 96 207
46 97 183
46 98 112
46 99 49
46 100 258
46 101 267
46 102 113
46 103 16
46 104 228
46 105 285
46 106 206
46 107 68
46 108 89
46 109 206
46 110 259
46 111 289
46 112 173
46 113 96
46 114 93
46 115 235
46 116 115
46 117 251
46 118 221
46 119 48
46 120 229
47 48 135
47 49 112
47 50 122
47 51 47
47 52 165
47 53 255
47 54 234
47 55 278
47 56 68
47 57 106
47 58 193
47 59 35
47 60 101
47 61 181
47 62 194
47 63 169
47 64 216
47 65 36
47 66 206
47 67 133
47 68 295
47 69 154
47 70 269
47 71 46
47 72 125
47 73 271
47 74 241
47 75 11
47 76 170
47 77 103
47 78 170
47 79 205
47 80 114
47 81 162
47 82 151
47 83 64
47 84 180
47 85 67
47 86 267
47 87 16
47 88 51
47 89 189
47 90 19
47 91 262
47 92 276
47 93 48
47 94 79
47 95 220
47 96 151
47 97 28
47 98 209
47 99 129
47 100 66
47 101 20
47 102 245
47 103 113
47 104 243
47 105 210
47 106 201
47 107 125
47 108 13
47 109 217
47 110 245
47 111 235
47 112 209
47 113 20
47 114 198
47 115 151
47 116 139
47 117 283
47 118 250
47 119 33
47 120 186
48 49 142
48 50 94
48 51 122
48 52 26
48 53 12
48 54 200
48 55 146
48 56 138
48 57 292
48 58 18
48 59 166
48 60 117
48 61 242
48 62 138
48 63 64
48 64 230
48 65 264
48 66 71
48 67 30
48 68 19
48 69 168
48 70 183
48 71 228
48 72 20
48 73 107
48 74 10
48 75 137
48 76 272
48 77 18
48 78 113
48 79 240
48 80 130
48 81 297
48 82 250
48 83 170
48 84 158
48 85 64
48 86 175
48 87 233
48 88 217
48 89 273
48 90 212
48 91 238
48 92 226
48 93 263
48 94 155
48 95 216
48 96 77
48 97 178
48 98 70
48 99 130
48 100 243
48 101 267
48 102 145
48 103 252
48 104 119
48 105 213
48 106 131
48 107 152
48 108 259
48 109 289
48 110 233
48 111 68
48 112 156
48 113 32
48 114 144
48 115 264
48 116 246
48 117 113
48 118 126
48 119 173
48 120 268
49 50 38
49 51 70
49 52 166
49 53 102
49 54 260
49 55 190
49 56 176
49 57 154
49 58 87
49 59 74
49 60 93
49 61 66
49 62 297
49 63 126
49 64 176
49 65 142
49 66 214
49 67 155
49 68 174
49 69 21
49 70 64
49 71 192
49 72 17
49 73 276
49 74 78
49 75 175
49 76 32
49 77 83
49 78 104
49 79 133
49 80 194
49 81 278
49 82 292
49 83 30
49 84 174
49 85 203
49 86 235
49 87 271
49 88 157
49 89 284
49 90 98
49 91 19
49 92 276
49 93 300
49 94 103
49 95 143
49 96 157
49 97 72
49 98 175
49 99 236
49 100 159
49 101 207
49 102 231
49 103 216
49 104 26
49 105 26
49 106 205
49 107 289
49 108 289
49 109 192
49 110 193
49 111 51
49 112 256
49 113 28
49 114 126
49 115 270
49 116 50
49 117 290
49 118 282
49 119 230
49 120 137
50 51 52
50 52 47
50 53 239
50 54 257
50 55 15
50 56 263
50 57 94
50 58 180
50 59 273
50 60 134
50 61 233
50 62 83
50 63 247
50 64 70
50 65 18
50 66 51
50 67 295
50 68 163
50 69 182
50 70 232
50 71 264
50 72 262
50 73 127
50 74 216
50 75 256
50 76 185
50 77 142
50 78 13
50 79 251
50 80 21
50 81 147
50 82 263
50 83 63
50 84 111
50 85 114
50 86 81
50 87 243
50 88 240
50 89 166
50 90 291
50 91 31
50 92 208
50 93 193
50 94 57
50 95 102
50 96 170
50 97 169
50 98 28
50 99 52
50 100 198
50 101 44
50 102 61
50 103 249
50 104 246
50 105 31
50 106 251
50 107 288
50 108 264
50 109 110
50 110 77
50 111 70
50 112 44
50 113 253
50 114 101
50 115 172
50 116 23
50 117 132
50 118 109
50 119 137
50 120 278
51 52 120
51 53 263
51 54 245
51 55 299
51 56 298
51 57 33
51 58 22
51 59 79
51 60 186
51 61 260
51 62 295
51 63 150
51 64 72
51 65 18
51 66 277
51 67 114
51 68 160
51 69 187
51 70 271
51 71 18
51 72 279
51 73 20
51 74 93
51 75 220
51 76 67
51 77 207
51 78 73
51 79 42
51 80 222
51 81 33
51 82 23
51 83 139
51 84 156
51 85 175
51 86 107
51 87 294
51 88 37
51 89 79
51 90 176
51 91 125
51 92 217
51 93 280
51 94 121
51 95 221
51 96 285
51 97 197
51 98 196
51 99 64
51 100 30
51 101 141
51 102 248
51 103 297
51 104 253
51 105 111
51 106 287
51 107 189
51 108 202
51 109 110
51 110 43
51 111 47
51 112 259
51 113 100
51 114 163
51 115 240
51 116 195
51 117 111
51 118 12
51 119 149
51 120 108
52 53 140
52 54 47
52 55 269
52 56 31
52 57 196
52 58 198
52 59 164
52 60 273
52 61 168
52 62 218
52 63 283
52 64 99
52 65 124
52 66 94
52 67 200
52 68 148
52 69 124
52 70 26
52 71 41
52 72 192
52 73 276
52 74 114
52 75 229
52 76 120
52 77 281
52 78 199
52 79 160
52 80 82
52 81 126
52 82 278
52 83 299
52 84 231
52 85 226
52 86 113
52 87 43
52 88 75
52 89 192
52 90 251
52 91 295
52 92 214
52 93 229
52 94 184
52 95 228
52 96 281
52 97 12
52 98 179
52 99 129
52 100 122
52 101 212
52 102 131
52 103 211
52 104 148
52 105 151
52 106 52
52 107 75
52 108 139
52 109 239
52 110 167
52 111 151
52 112 144
52 113 104
52 114 67
52 115 98
52 116 217
52 117 34
52 118 143
52 119 244
52 120 215
53 54 239
53 55 249
53 56 12
53 57 217
53 58 110
53 59 65
53 60 273
53 61 143
53 62 146
53 63 96
53 64 101
53 65 158
53 66 73
53 67 15
53 68 105
53 69 83
53 70 109
53 71 33
53 72 175
53 73 117
53 74 152
53 75 42
53 76 93
53 77 163
53 78 125
53 79 173
53 80 272
53 81 231
53 82 258
53 83 215
53 84 13
53 85 286
53 86 131
53 87 199
53 88 66
53 89 273
53 90 203
53 91 273
53 92 195
53 93 250
53 94 83
53 95 87
53 96 223
53 97 71
53 98 144
53 99 115
53 100 167
53 101 38
53 102 93
53 103 19
53 104 100
53 105 124
53 106 273
53 107 182
53 108 219
53 109 100
53 110 86
53 111 261
53 112 145
53 113 176
53 114 135
53 115 66
53 116 128
53 117 144
53 118 186
53 119 157
53 120 214
54 55 295
54 56 67
54 57 234
54 58 234
54 59 80
54 60 260
54 61 195
54 62 168
54 63 184
54 64 42
54 65 142
54 66 116
54 67 220
54 68 224
54 69 37
54 70 12
54 71 148
54 72 260
54 73 194
54 74 32
54 75 164
54 76 289
54 77 152
54 78 51
54 79 203
54 80 155
54 81 32
54 82 130
54 83 159
54 84 218
54 85 54
54 86 188
54 87 254
54 88 45
54 89 129
54 90 130
54 91 169
54 92 167
54 93 81
54 94 95
54 95 147
54 96 232
54 97 273
54 98 144
54 99 43
54 100 90
54 101 86
54 102 168
54 103 257
54 104 47
54 105 75
54 106 207
54 107 55
54 108 251
54 109 157
54 110 101
54 111 49
54 112 154
54 113 72
54 114 284
54 115 206
54 116 139
54 117 121
54 118 112
54 119 178
54 120 120
55 56 226
55 57 188
55 58 233
55 59 54
55 60 216
55 61 215
55 62 47
55 63 236
55 64 42
55 65 253
55 66 126
55 67 148
55 68 109
55 69 23
55 70 234
55 71 188
55 72 104
55 73 232
55 74 253
55 75 299
55 76 17
55 77 233
55 78 246
55 79 222
55 80 134
55 81 104
55 82 295
55 83 80
55 84 79
55 85 113
55 86 16
55 87 71
55 88 168
55 89 162
55 90 47
55 91 143
55 92 193
55 93 140
55 94 44
55 95 265
55 96 236
55 97 236
55 98 265
55 99 48
55 100 98
55 101 255
55 102 258
55 103 188
55 104 143
55 105 227
55 106 61
55 107 176
55 108 47
55 109 10
55 110 70
55 111 219
55 112 182
55 113 99
55 114 92
55 115 141
55 116 93
55 117 137
55 118 289
55 119 45
55 120 11
56 57 300
56 58 136
56 59 268
56 60 115
56 61 136
56 62 269
56 63 225
56 64 155
56 65 73
56 66 55
56 67 61
56 68 49
56 69 284
56 70 84
56 71 28
56 72 231
56 73 294
56 74 26
56 75 116
56 76 251
56 77 299
56 78 41
56 79 287
56 80 71
56 81 174
56 82 264
56 83 151
56 84 37
56 85 100
56 86 223
56 87 33
56 88 50
56 89 90
56 90 36
56 91 40
56 92 182
56 93 49
56 94 60
56 95 56
56 96 52
56 97 38
56 98 103
56 99 137
56 100 148
56 101 256
56 102 230
56 103 30
56 104 143
56 105 234
56 106 196
56 107 114
56 108 63
56 109 214
56 110 92
56 111 249
56 112 62
56 113 151
56 114 78
56 115 215
56 116 259
56 117 207
56 118 38
56 119 297
56 120 141
57 58 237
57 59 107
57 60 17
57 61 81
57 62 28
57 63 121
57 64 96
57 65 222
57 66 25
57 67 14
57 68 279
57 69 299
57 70 70
57 71 27
57 72 88
57 73 199
57 74 114
57 75 88
57 76 59
57 77 205
57 78 45
57 79 95
57 80 161
57 81 151
57 82 180
57 83 194
57 84 152
57 85 145
57 86 143
57 87 139
57 88 63
57 89 136
57 90 132
57 91 229
57 92 93
57 93 168
57 94 155
57 95 34
57 96 185
57 97 205
57 98 201
57 99 144
57 100 158
57 101 76
57 102 94
57 103 143
57 104 241
57 105 84
57 106 63
57 107 98
57 108 46
57 109 277
57 110 176
57 111 75
57 112 173
57 113 27
57 114 147
57 115 263
57 116 167
57 117 115
57 118 172
57 119 118
57 120 158
58 59 11
58 60 32
58 61 225
58 62 136
58 63 300
58 64 67
58 65 15
58 66 277
58 67 76
58 68 203
58 69 261
58 70 232
58 71 65
58 72 248
58 73 220
58 74 265
58 75 211
58 76 240
58 77 103
58 78 286
58 79 108
58 80 123
58 81 40
58 82 84
58 83 266
58 84 243
58 85 126
58 86 293
58 87 221
58 88 150
58 89 265
58 90 239
58 91 109
58 92 229
58 93 102
58 94 259
58 95 33
58 96 45
58 97 74
58 98 153
58 99 83
58 100 203
58 101 288
58 102 249
58 103 163
58 104 127
58 105 182
58 106 36
58 107 37
58 108 216
58 109 105
58 110 241
58 111 269
58 112 246
58 113 91
58 114 96
58 115 175
58 116 15
58 117 283
58 118 206
58 119 224
58 120 136
59 60 158
59 61 286
59 62 254
59 63 134
59 64 132
59 65 77
59 66 194
59 67 18
59 68 14
59 69 167
59 70 31
59 71 190
59 72 296
59 73 128
59 74 151
59 75 32
59 76 60
59 77 264
59 78 231
59 79 227
59 80 288
59 81 280
59 82 70
59 83 113
59 84 283
59 85 166
59 86 262
59 87 250
59 88 240
59 89 61
59 90 59
59 91 53
59 92 121
59 93 28
59 94 188
59 95 25
59 96 262
59 97 190
59 98 99
59 99 138
59 100 137
59 101 198
59 102 235
59 103 243
59 104 94
59 105 295
59 106 78
59 107 241
59 108 78
59 109 70
59 110 41
59 111 218
59 112 10
59 113 219
59 114 91
59 115 105
59 116 144
59 117 50
59 118 243
59 119 219
59 120 23
60 61 159
60 62 193
60 63 244
60 64 242
60 65 179
60 66 248
60 67 124
60 68 142
60 69 201
60 70 89
60 71 239
60 72 253
60 73 107
60 74 65
60 75 259
60 76 135
60 77 227
60 78 87
60 79 146
60 80 270
60 81 209
60 82 175
60 83 197
60 84 197
60 85 238
60 86 222
60 87 177
60 88 135
60 89 81
60 90 218
60 91 64
60 92 43
60 93 123
60 94 221
60 95 73
60 96 241
60 97 236
60 98 199
60 99 246
60 100 178
60 101 223
60 102 129
60 103 269
60 104 185
60 105 231
60 106 281
60 107 232
60 108 168
60 109 127
60 110 51
60 111 253
60 112 132
60 113 76
60 114 182
60 115 214
60 116 54
60 117 11
60 118 163
60 119 213
60 120 57
61 62 81
61 63 91
61 64 87
61 65 170
61 66 150
61 67 297
61 68 131
61 69 246
61 70 13
61 71 83
61 72 155
61 73 201
61 74 255
61 75 96
61 76 77
61 77 91
61 78 224
61 79 209
61 80 152
61 81 53
61 82 86
61 83 293
61 84 99
61 85 23
61 86 22
61 87 216
61 88 16
61 89 176
61 90 29
61 91 66
61 92 124
61 93 240
61 94 211
61 95 111
61 96 177
61 97 249
61 98 239
61 99 17
61 100 296
61 101 83
61 102 122
61 103 157
61 104 117
61 105 89
61 106 215
61 107 262
61 108 29
61 109 50
61 110 251
61 111 131
61 112 153
61 113 95
61 114 46
61 115 229
61 116 85
61 117 281
61 118 160
61 119 115
61 120 221
62 63 284
62 64 262
62 65 200
62 66 130
62 67 38
62 68 152
62 69 271
62 70 96
62 71 109
62 72 23
62 73 188
62 74 190
62 75 57
62 76 220
62 77 111
62 78 239
62 79 61
62 80 17
62 81 18
62 82 66
62 83 48
62 84 193
62 85 200
62 86 286
62 87 233
62 88 228
62 89 299
62 90 138
62 91 203
62 92 161
62 93 107
62 94 222
62 95 231
62 96 16
62 97 115
62 98 127
62 99 171
62 100 93
62 101 176
62 102 193
62 103 61
62 104 149
62 105 152
62 106 261
62 107 218
62 108 262
62 109 196
62 110 224
62 111 249
62 112 87
62 113 227
62 114 46
62 115 264
62 116 290
62 117 227
62 118 33
62 119 71
62 120 81
63 64 102
63 65 107
63 66 53
63 67 278
63 68 259
63 69 74
63 70 27
63 71 93
63 72 15
63 73 220
63 74 178
63 75 80
63 76 17
63 77 130
63 78 69
63 79 90
63 80 109
63 81 187
63 82 19
63 83 69
63 84 117
63 85 175
63 86 78
63 87 144
63 88 271
63 89 39
63 90 170
63 91 54
63 92 133
63 93 243
63 94 118
63 95 54
63 96 257
63 97 48
63 98 244
63 99 101
63 100 48
63 101 96
63 102 211
63 103 279
63 104 69
63 105 269
63 106 290
63 107 150
63 108 166
63 109 31
63 110 277
63 111 153
63 112 38
63 113 119
63 114 192
63 115 132
63 116 97
63 117 294
63 118 147
63 119 85
63 120 182
64 65 268
64 66 21
64 67 276
64 68 123
64 69 216
64 70 84
64 71 271
64 72 130
64 73 10
64 74 176
64 75 191
64 76 148
64 77 82
64 78 121
64 79 195
64 80 281
64 81 63
64 82 150
64 83 230
64 84 240
64 85 251
64 86 229
64 87 239
64 88 186
64 89 169
64 90 96
64 91 15
64 92 263
64 93 264
64 94 22
64 95 84
64 96 179
64 97 281
64 98 125
64 99 259
64 100 105
64 101 293
64 102 217
64 103 264
64 104 121
64 105 259
64 106 125
64 107 282
64 108 291
64 109 148
64 110 235
64 111 116
64 112 73
64 113 42
64 114 124
64 115 111
64 116 286
64 117 269
64 118 264
64 119 278
64 120 41
65 66 156
65 67 251
65 68 155
65 69 218
65 70 154
65 71 290
65 72 143
65 73 206
65 74 264
65 75 93
65 76 99
65 77 63
65 78 183
65 79 111
65 80 73
65 81 165
65 82 153
65 83 37
65 84 283
65 85 224
65 86 287
65 87 274
65 88 160
65 89 145
65 90 63
65 91 267
65 92 207
65 93 224
65 94 82
65 95 300
65 96 257
65 97 188
65 98 177
65 99 246
65 100 87
65 101 101
65 102 182
65 103 192
65 104 211
65 105 157
65 106 201
65 107 73
65 108 276
65 109 106
65 110 39
65 111 254
65 112 163
65 113 52
65 114 151
65 115 177
65 116 165
65 117 55
65 118 239
65 119 238
65 120 183
66 67 78
66 68 32
66 69 149
66 70 24
66 71 30
66 72 112
66 73 52
66 74 139
66 75 100
66 76 75
66 77 243
66 78 245
66 79 141
66 80 233
66 81 199
66 82 122
66 83 137
66 84 104
66 85 299
66 86 205
66 87 298
66 88 217
66 89 178
66 90 146
66 91 86
66 92 238
66 93 36
66 94 94
66 95 189
66 96 41
66 97 12
66 98 202
66 99 159
66 100 169
66 101 240
66 102 94
66 103 136
66 104 242
66 105 83
66 106 236
66 107 253
66 108 297
66 109 177
66 110 175
66 111 77
66 112 298
66 113 125
66 114 96
66 115 110
66 116 191
66 117 141
66 118 159
66 119 196
66 120 185
67 68 240
67 69 114
67 70 120
67 71 246
67 72 57
67 73 285
67 74 29
67 75 197
67 76 47
67 77 130
67 78 183
67 79 79
67 80 228
67 81 207
67 82 131
67 83 179
67 84 227
67 85 276
67 86 257
67 87 254
67 88 91
67 89 108
67 90 118
67 91 176
67 92 215
67 93 277
67 94 289
67 95 226
67 96 36
67 97 221
67 98 246
67 99 64
67 100 238
67 101 297
67 102 94
67 103 134
67 104 73
67 105 153
67 106 52
67 107 298
67 108 88
67 109 92
67 110 215
67 111 180
67 112 178
67 113 217
67 114 84
67 115 294
67 116 196
67 117 112
67 118 93
67 119 11
67 120 206
68 69 178
68 70 120
68 71 62
68 72 122
68 73 292
68 74 18
68 75 156
68 76 32
68 77 272
68 78 254
68 79 269
68 80 198
68 81 34
68 82 249
68 83 37
68 84 202
68 85 104
68 86 239
68 87 167
68 88 32
68 89 68
68 90 193
68 91 154
68 92 241
68 93 23
68 94 254
68 95 96
68 96 123
68 97 23
68 98 79
68 99 273
68 100 205
68 101 204
68 102 119
68 103 113
68 104 172
68 105 18
68 106 43
68 107 277
68 108 144
68 109 102
68 110 116
68 111 299
68 112 78
68 113 201
68 114 290
68 115 49
68 116 270
68 117 239
68 118 114
68 119 275
68 120 138
69 70 136
69 71 98
69 72 235
69 73 294
69 74 85
69 75 98
69 76 86
69 77 30
69 78 124
69 79 38
69 80 156
69 81 270
69 82 31
69 83 222
69 84 231
69 85 209
69 86 229
69 87 172
69 88 227
69 89 226
69 90 227
69 91 264
69 92 139
69 93 190
69 94 18
69 95 158
69 96 300
69 97 168
69 98 114
69 99 285
69 100 176
69 101 113
69 102 42
69 103 51
69 104 223
69 105 127
69 106 72
69 107 286
69 108 206
69 109 120
69 110 232
69 111 84
69 112 15
69 113 281
69 114 76
69 115 206
69 116 36
69 117 270
69 118 244
69 119 241
69 120 159
70 71 19
70 72 282
70 73 15
70 74 24
70 75 187
70 76 198
70 77 159
70 78 273
70 79 291
70 80 69
70 81 126
70 82 77
70 83 243
70 84 109
70 85 211
70 86 230
70 87 55
70 88 154
70 89 85
70 90 238
70 91 59
70 92 131
70 93 285
70 94 245
70 95 101
70 96 229
70 97 26
70 98 66
70 99 225
70 100 290
70 101 30
70 102 62
70 103 31
70 104 191
70 105 236
70 106 148
70 107 274
70 108 41
70 109 125
70 110 144
70 111 119
70 112 290
70 113 201
70 114 154
70 115 69
70 116 171
70 117 251
70 118 114
70 119 153
70 120 148
71 72 227
71 73 75
71 74 241
71 75 204
71 76 48
71 77 275
71 78 98
71 79 79
71 80 148
71 81 211
71 82 154
71 83 157
71 84 238
71 85 137
71 86 255
71 87 171
71 88 109
71 89 239
71 90 183
71 91 241
71 92 20
71 93 80
71 94 124
71 95 165
71 96 111
71 97 93
71 98 17
71 99 51
71 100 31
71 101 220
71 102 241
71 103 131
71 104 264
71 105 188
71 106 90
71 107 203
71 108 234
71 109 142
71 110 219
71 111 34
71 112 92
71 113 225
71 114 117
71 115 88
71 116 135
71 117 126
71 118 83
71 119 31
71 120 258
72 73 180
72 74 257
72 75 275
72 76 63
72 77 237
72 78 216
72 79 116
72 80 82
72 81 280
72 82 41
72 83 276
72 84 256
72 85 131
72 86 207
72 87 61
72 88 174
72 89 96
72 90 46
72 91 170
72 92 69
72 93 129
72 94 156
72 95 151
72 96 113
72 97 194
72 98 23
72 99 44
72 100 253
72 101 232
72 102 208
72 103 263
72 104 127
72 105 161
72 106 74
72 107 186
72 108 206
72 109 29
72 110 82
72 111 190
72 112 11
72 113 215
72 114 168
72 115 187
72 116 284
72 117 113
72 118 155
72 119 279
72 120 292
73 74 197
73 75 238
73 76 252
73 77 163
73 78 186
73 79 272
73 80 282
73 81 150
73 82 41
73 83 111
73 84 131
73 85 71
73 86 187
73 87 258
73 88 48
73 89 232
73 90 184
73 91 207
73 92 151
73 93 242
73 94 170
73 95 134
73 96 172
73 97 150
73 98 117
73 99 286
73 100 21
73 101 62
73 102 90
73 103 284
73 104 81
73 105 244
73 106 269
73 107 174
73 108 79
73 109 220
73 110 42
73 111 106
73 112 47
73 113 295
73 114 154
73 115 71
73 116 152
73 117 289
73 118 123
73 119 230
73 120 266
74 75 225
74 76 249
74 77 199
74 78 178
74 79 72
74 80 45
74 81 53
74 82 267
74 83 239
74 84 254
74 85 235
74 86 231
74 87 223
74 88 37
74 89 22
74 90 108
74 91 152
74 92 153
74 93 209
74 94 61
74 95 97
74 96 25
74 97 122
74 98 232
74 99 75
74 100 150
74 101 262
74 102 204
74 103 166
74 104 169
74 105 23
74 106 124
74 107 106
74 108 114
74 109 245
74 110 159
74 111 118
74 112 245
74 113 69
74 114 79
74 115 184
74 116 85
74 117 257
74 118 37
74 119 268
74 120 86
75 76 247
75 77 256
75 78 157
75 79 67
75 80 265
75 81 140
75 82 285
75 83 150
75 84 81
75 85 188
75 86 107
75 87 223
75 88 160
75 89 219
75 90 227
75 91 143
75 92 257
75 93 281
75 94 95
75 95 189
75 96 288
75 97 51
75 98 196
75 99 12
75 100 230
75 101 159
75 102 168
75 103 76
75 104 156
75 105 265
75 106 256
75 107 284
75 108 77
75 109 68
75 110 284
75 111 224
75 112 191
75 113 172
75 114 117
75 115 52
75 116 52
75 117 274
75 118 124
75 119 281
75 120 228
76 77 234
76 78 74
76 79 278
76 80 81
76 81 239
76 82 281
76 83 31
76 84 258
76 85 284
76 86 18
76 87 56
76 88 198
76 89 238
76 90 58
76 91 51
76 92 142
76 93 218
76 94 96
76 95 64
76 96 158
76 97 176
76 98 188
76 99 236
76 100 171
76 101 282
76 102 144
76 103 122
76 104 268
76 105 87
76 106 220
76 107 33
76 108 227
76 109 213
76 110 240
76 111 219
76 112 202
76 113 88
76 114 157
76 115 102
76 116 159
76 117 299
76 118 79
76 119 125
76 120 238
77 78 223
77 79 219
77 80 126
77 81 21
77 82 242
77 83 287
77 84 22
77 85 13
77 86 135
77 87 213
77 88 116
77 89 264
77 90 119
77 91 51
77 92 233
77 93 226
77 94 183
77 95 204
77 96 264
77 97 67
77 98 163
77 99 97
77 100 179
77 101 79
77 102 291
77 103 43
77 104 136
77 105 78
77 106 198
77 107 193
77 108 295
77 109 95
77 110 207
77 111 102
77 112 65
77 113 239
77 114 125
77 115 239
77 116 102
77 117 58
77 118 176
77 119 286
77 120 237
78 79 81
78 80 113
78 81 98
78 82 281
78 83 237
78 84 163
78 85 47
78 86 216
78 87 69
78 88 160
78 89 126
78 90 126
78 91 69
78 92 15
78 93 18
78 94 157
78 95 88
78 96 14
78 97 284
78 98 211
78 99 69
78 100 73
78 101 185
78 102 276
78 103 154
78 104 123
78 105 167
78 106 43
78 107 78
78 108 79
78 109 53
78 110 125
78 111 42
78 112 267
78 113 125
78 114 88
78 115 94
78 116 285
78 117 57
78 118 117
78 119 115
78 120 123
79 80 295
79 81 157
79 82 98
79 83 76
79 84 63
79 85 38
79 86 35
79 87 256
79 88 280
79 89 117
79 90 137
79 91 265
79 92 61
79 93 18
79 94 192
79 95 40
79 96 264
79 97 111
79 98 96
79 99 12
79 100 14
79 101 252
79 102 252
79 103 33
79 104 292
79 105 193
79 106 279
79 107 23
79 108 135
79 109 99
79 110 205
79 111 195
79 112 192
79 113 83
79 114 227
79 115 120
79 116 207
79 117 280
79 118 62
79 119 54
79 120 96
80 81 253
80 82 53
80 83 153
80 84 84
80 85 91
80 86 19
80 87 181
80 88 78
80 89 21
80 90 59
80 91 209
80 92 280
80 93 113
80 94 229
80 95 243
80 96 47
80 97 294
80 98 183
80 99 219
80 100 81
80 101 190
80 102 80
80 103 269
80 104 182
80 105 161
80 106 178
80 107 225
80 108 297
80 109 161
80 110 136
80 111 173
80 112 38
80 113 128
80 114 54
80 115 231
80 116 238
80 117 98
80 118 289
80 119 146
80 120 164
81 82 298
81 83 68
81 84 219
81 85 112
81 86 25
81 87 84
81 88 108
81 89 70
81 90 233
81 91 60
81 92 16
81 93 87
81 94 193
81 95 141
81 96 32
81 97 176
81 98 289
81 99 216
81 100 168
81 101 210
81 102 282
81 103 220
81 104 56
81 105 109
81 106 258
81 107 65
81 108 247
81 109 295
81 110 103
81 111 241
81 112 200
81 113 180
81 114 201
81 115 101
81 116 200
81 117 197
81 118 130
81 119 125
81 120 195
82 83 83
82 84 99
82 85 223
82 86 61
82 87 255
82 88 105
82 89 245
82 90 116
82 91 142
82 92 127
82 93 56
82 94 38
82 95 150
82 96 88
82 97 225
82 98 90
82 99 191
82 100 131
82 101 262
82 102 24
82 103 40
82 104 46
82 105 104
82 106 171
82 107 38
82 108 129
82 109 89
82 110 291
82 111 17
82 112 115
82 113 240
82 114 224
82 115 163
82 116 84
82 117 49
82 118 245
82 119 297
82 120 188
83 84 234
83 85 209
83 86 298
83 87 42
83 88 157
83 89 141
83 90 63
83 91 126
83 92 55
83 93 51
83 94 100
83 95 18
83 96 264
83 97 144
83 98 145
83 99 189
83 100 293
83 101 92
83 102 272
83 103 230
83 104 47
83 105 101
83 106 43
83 107 27
83 108 257
83 109 267
83 110 174
83 111 272
83 112 184
83 113 81
83 114 239
83 115 188
83 116 90
83 117 178
83 118 168
83 119 183
83 120 282
84 85 185
84 86 300
84 87 167
84 88 95
84 89 259
84 90 225
84 91 240
84 92 101
84 93 232
84 94 133
84 95 261
84 96 29
84 97 191
84 98 249
84 99 38
84 100 277
84 101 148
84 102 129
84 103 157
84 104 140
84 105 227
84 106 177
84 107 217
84 108 217
84 109 223
84 110 186
84 111 264
84 112 97
84 113 168
84 114 192
84 115 269
84 116 290
84 117 246
84 118 82
84 119 62
84 120 264
85 86 183
85 87 254
85 88 192
85 89 91
85 90 242
85 91 289
85 92 165
85 93 36
85 94 40
85 95 286
85 96 80
85 97 29
85 98 175
85 99 184
85 100 167
85 101 270
85 102 188
85 103 146
85 104 264
85 105 174
85 106 62
85 107 135
85 108 130
85 109 88
85 110 39
85 111 127
85 112 35
85 113 74
85 114 159
85 115 290
85 116 283
85 117 114
85 118 196
85 119 143
85 120 183
86 87 250
86 88 255
86 89 53
86 90 17
86 91 300
86 92 87
86 93 173
86 94 182
86 95 15
86 96 265
86 97 117
86 98 149
86 99 114
86 100 181
86 101 161
86 102 141
86 103 84
86 104 249
86 105 87
86 106 294
86 107 260
86 108 169
86 109 26
86 110 163
86 111 122
86 112 73
86 113 148
86 114 229
86 115 203
86 116 184
86 117 35
86 118 80
86 119 48
86 120 47
87 88 49
87 89 292
87 90 44
87 91 18
87 92 272
87 93 33
87 94 90
87 95 257
87 96 146
87 97 253
87 98 32
87 99 52
87 100 165
87 101 29
87 102 172
87 103 48
87 104 51
87 105 81
87 106 235
87 107 243
87 108 134
87 109 206
87 110 266
87 111 194
87 112 241
87 113 248
87 114 173
87 115 93
87 116 240
87 117 191
87 118 130
87 119 67
87 120 144
88 89 159
88 90 157
88 91 282
88 92 222
88 93 212
88 94 24
88 95 185
88 96 120
88 97 108
88 98 272
88 99 90
88 100 135
88 101 247
88 102 207
88 103 38
88 104 70
88 105 206
88 106 283
88 107 188
88 108 195
88 109 17
88 110 197
88 111 259
88 112 92
88 113 222
88 114 238
88 115 135
88 116 286
88 117 46
88 118 69
88 119 64
88 120 134
89 90 56
89 91 22
89 92 26
89 93 190
89 94 250
89 95 68
89 96 141
89 97 260
89 98 239
89 99 145
89 100 265
89 101 69
89 102 104
89 103 180
89 104 75
89 105 284
89 106 62
89 107 101
89 108 64
89 109 192
89 110 172
89 111 145
89 112 117
89 113 265
89 114 184
89 115 39
89 116 264
89 117 23
89 118 184
89 119 269
89 120 126
90 91 131
90 92 264
90 93 159
90 94 277
90 95 11
90 96 102
90 97 112
90 98 95
90 99 163
90 100 150
90 101 234
90 102 109
90 103 25
90 104 43
90 105 165
90 106 249
90 107 134
90 108 62
90 109 91
90 110 19
90 111 209
90 112 42
90 113 278
90 114 218
90 115 158
90 116 125
90 117 238
90 118 96
90 119 235
90 120 205
91 92 88
91 93 217
91 94 90
91 95 163
91 96 255
91 97 29
91 98 118
91 99 18
91 100 284
91 101 187
91 102 22
91 103 219
91 104 101
91 105 31
91 106 180
91 107 114
91 108 223
91 109 125
91 110 291
91 111 267
91 112 177
91 113 184
91 114 67
91 115 186
91 116 229
91 117 246
91 118 149
91 119 288
91 120 238
92 93 122
92 94 176
92 95 14
92 96 201
92 97 187
92 98 218
92 99 248
92 100 222
92 101 223
92 102 273
92 103 267
92 104 233
92 105 59
92 106 262
92 107 239
92 108 267
92 109 215
92 110 76
92 111 79
92 112 235
92 113 212
92 114 111
92 115 299
92 116 20
92 117 77
92 118 116
92 119 167
92 120 179
93 94 160
93 95 131
93 96 87
93 97 242
93 98 159
93 99 33
93 100 68
93 101 166
93 102 123
93 103 26
93 104 176
93 105 66
93 106 84
93 107 247
93 108 27
93 109 44
93 110 30
93 111 174
93 112 279
93 113 259
93 114 174
93 115 286
93 116 173
93 117 136
93 118 111
93 119 49
93 120 48
94 95 104
94 96 146
94 97 158
94 98 83
94 99 53
94 100 88
94 101 137
94 102 258
94 103 103
94 104 233
94 105 230
94 106 278
94 107 75
94 108 50
94 109 194
94 110 13
94 111 63
94 112 29
94 113 232
94 114 142
94 115 186
94 116 232
94 117 22
94 118 134
94 119 244
94 120 198
95 96 98
95 97 208
95 98 218
95 99 295
95 100 72
95 101 198
95 102 223
95 103 269
95 104 95
95 105 71
95 106 210
95 107 80
95 108 295
95 109 69
95 110 147
95 111 44
95 112 164
95 113 58
95 114 203
95 115 255
95 116 258
95 117 146
95 118 242
95 119 153
95 120 38
96 97 297
96 98 172
96 99 65
96 100 217
96 101 135
96 102 97
96 103 126
96 104 133
96 105 222
96 106 203
96 107 136
96 108 161
96 109 207
96 110 186
96 111 96
96 112 225
96 113 298
96 114 165
96 115 78
96 116 253
96 117 36
96 118 167
96 119 283
96 120 180
97 98 257
97 99 16
97 100 185
97 101 59
97 102 61
97 103 61
97 104 45
97 105 231
97 106 103
97 107 77
97 108 115
97 109 149
97 110 186
97 111 16
97 112 61
97 113 286
97 114 148
97 115 299
97 116 11
97 117 212
97 118 258
97 119 244
97 120 107
98 99 239
98 100 291
98 101 88
98 102 66
98 103 154
98 104 98
98 105 90
98 106 61
98 107 174
98 108 171
98 109 73
98 110 99
98 111 54
98 112 213
98 113 92
98 114 10
98 115 209
98 116 167
98 117 34
98 118 30
98 119 147
98 120 235
99 100 23
99 101 217
99 102 239
99 103 152
99 104 74
99 105 25
99 106 203
99 107 27
99 108 187
99 109 60
99 110 209
99 111 22
99 112 204
99 113 146
99 114 143
99 115 183
99 116 239
99 117 288
99 118 153
99 119 101
99 120 230
100 101 57
100 102 278
100 103 78
100 104 143
100 105 63
100 106 149
100 107 40
100 108 266
100 109 102
100 110 43
100 111 72
100 112 41
100 113 300
100 114 252
100 115 159
100 116 267
100 117 181
100 118 135
100 119 241
100 120 273
101 102 82
101 103 270
101 104 49
101 105 133
101 106 276
101 107 208
101 108 156
101 109 71
101 110 69
101 111 230
101 112 240
101 113 231
101 114 171
101 115 271
101 116 82
101 117 46
101 118 22
101 119 293
101 120 40
102 103 12
102 104 250
102 105 199
102 106 271
102 107 89
102 108 42
102 109 78
102 110 40
102 111 184
102 112 262
102 113 272
102 114 122
102 115 84
102 116 167
102 117 276
102 118 252
102 119 87
102 120 178
103 104 278
103 105 18
103 106 117
103 107 99
103 108 290
103 109 180
103 110 259
103 111 70
103 112 232
103 113 293
103 114 255
103 115 44
103 116 216
103 117 67
103 118 143
103 119 73
103 120 146
104 105 265
104 106 281
104 107 66
104 108 182
104 109 200
104 110 131
104 111 205
104 112 273
104 113 238
104 114 235
104 115 79
104 116 169
104 117 10
104 118 13
104 119 53
104 120 154
105 106 57
105 107 227
105 108 147
105 109 184
105 110 42
105 111 269
105 112 229
105 113 206
105 114 55
105 115 22
105 116 290
105 117 294
105 118 250
105 119 233
105 120 204
106 107 21
106 108 50
106 109 142
106 110 244
106 111 71
106 112 192
106 113 235
106 114 53
106 115 180
106 116 143
106 117 168
106 118 76
106 119 271
106 120 204
107 108 100
107 109 117
107 110 32
107 111 111
107 112 85
107 113 227
107 114 84
107 115 218
107 116 151
107 117 16
107 118 150
107 119 271
107 120 281
108 109 63
108 110 133
108 111 217
108 112 148
108 113 278
108 114 122
108 115 221
108 116 226
108 117 141
108 118 210
108 119 226
108 120 215
109 110 171
109 111 13
109 112 157
109 113 109
109 114 31
109 115 234
109 116 180
109 117 100
109 118 54
109 119 164
109 120 75
110 111 106
110 112 205
110 113 129
110 114 246
110 115 85
110 116 160
110 117 122
110 118 259
110 119 173
110 120 117
111 112 226
111 113 184
111 114 191
111 115 39
111 116 193
111 117 190
111 118 210
111 119 230
111 120 13
112 113 266
112 114 174
112 115 198
112 116 291
112 117 173
112 118 126
112 119 298
112 120 53
113 114 45
113 115 212
113 116 120
113 117 17
113 118 290
113 119 57
113 120 300
114 115 290
114 116 300
114 117 264
114 118 153
114 119 148
114 120 300
115 116 199
115 117 56
115 118 174
115 119 67
115 120 200
116 117 99
116 118 270
116 119 203
116 120 240
117 118 46
117 119 224
117 120 178
118 119 112
118 120 164
119 120 97
