120   7140
145
125 126 69 51 69 138 44 46 97 61 36 113 111 121 105 61 131 81 122 30 137 80 62 96 30 50 38 43 138 140 72 99 130 87 57 55 79 45 43 33 60 34 72 86 94 133 139 100 42 125 87 120 68 110 94 41 134 125 54 55 89 36 103 131 122 97 47 36 98 75 114 97 70 110 88 127 90 38 122 75 54 57 95 42 102 83 129 45 135 99 134 105 119 116 108 119 139 120 53 63 88 59 39 62 113 100 83 46 68 113 78 75 122 120 39 115 123 35 73 1 2 185
1 3 287
1 4 174
1 5 242
1 6 150
1 7 167
1 8 157
1 9 289
1 10 112
1 11 228
1 12 197
1 13 189
1 14 168
1 15 286
1 16 220
1 17 46
1 18 74
1 19 118
1 20 171
1 21 123
1 22 265
1 23 160
1 24 77
1 25 125
1 26 53
1 27 269
1 28 158
1 29 238
1 30 300
1 31 67
1 32 272
1 33 38
1 34 211
1 35 62
1 36 299
1 37 74
1 38 12
1 39 189
1 40 231
1 41 93
1 42 191
1 43 72
1 44 231
1 45 132
1 46 46
1 47 135
1 48 109
1 49 289
1 50 182
1 51 18
1 52 142
1 53 135
1 54 256
1 55 100
1 56 166
1 57 92
1 58 78
1 59 163
1 60 138
1 61 114
1 62 248
1 63 212
1 64 125
1 65 244
1 66 273
1 67 239
1 68 175
1 69 159
1 70 296
1 71 36
1 72 166
1 73 204
1 74 209
1 75 200
1 76 72
1 77 45
1 78 109
1 79 255
1 80 142
1 81 132
1 82 24
1 83 248
1 84 41
1 85 190
1 86 124
1 87 13
1 88 104
1 89 272
1 90 155
1 91 45
1 92 59
1 93 37
1 94 254
1 95 218
1 96 121
1 97 211
1 98 152
1 99 151
1 100 40
1 101 289
1 102 182
1 103 231
1 104 192
1 105 143
1 106 104
1 107 15
1 108 139
1 109 139
1 110 19
1 111 163
1 112 164
1 113 249
1 114 271
1 115 89
1 116 69
1 117 71
1 118 138
1 119 188
1 120 20
2 3 64
2 4 81
2 5 142
2 6 233
2 7 115
2 8 76
2 9 153
2 10 246
2 11 297
2 12 287
2 13 179
2 14 215
2 15 41
2 16 243
2 17 83
2 18 227
2 19 82
2 20 81
2 21 274
2 22 146
2 23 271
2 24 274
2 25 171
2 26 209
2 27 31
2 28 18
2 29 255
2 30 55
2 31 77
2 32 244
2 33 209
2 34 70
2 35 103
2 36 54
2 37 135
2 38 91
2 39 184
2 40 214
2 41 83
2 42 215
2 43 199
2 44 87
2 45 147
2 46 249
2 47 111
2 48 275
2 49 118
2 50 133
2 51 172
2 52 183
2 53 112
2 54 215
2 55 207
2 56 74
2 57 149
2 58 136
2 59 231
2 60 196
2 61 283
2 62 259
2 63 66
2 64 264
2 65 62
2 66 163
2 67 164
2 68 227
2 69 132
2 70 116
2 71 30
2 72 294
2 73 281
2 74 172
2 75 171
2 76 293
2 77 174
2 78 248
2 79 208
2 80 40
2 81 250
2 82 186
2 83 269
2 84 91
2 85 198
2 86 62
2 87 193
2 88 289
2 89 51
2 90 239
2 91 140
2 92 74
2 93 263
2 94 122
2 95 75
2 96 46
2 97 234
2 98 140
2 99 80
2 100 77
2 101 122
2 102 288
2 103 252
2 104 154
2 105 233
2 106 110
2 107 85
2 108 61
2 109 167
2 110 128
2 111 67
2 112 81
2 113 73
2 114 187
2 115 50
2 116 50
2 117 177
2 118 218
2 119 32
2 120 78
3 4 50
3 5 237
3 6 29
3 7 283
3 8 159
3 9 246
3 10 81
3 11 59
3 12 50
3 13 155
3 14 232
3 15 158
3 16 287
3 17 118
3 18 99
3 19 224
3 20 219
3 21 120
3 22 90
3 23 244
3 24 36
3 25 218
3 26 197
3 27 173
3 28 241
3 29 183
3 30 61
3 31 42
3 32 210
3 33 285
3 34 196
3 35 56
3 36 18
3 37 130
3 38 135
3 39 123
3 40 265
3 41 176
3 42 94
3 43 88
3 44 82
3 45 275
3 46 248
3 47 110
3 48 99
3 49 207
3 50 93
3 51 144
3 52 101
3 53 32
3 54 150
3 55 54
3 56 296
3 57 115
3 58 17
3 59 273
3 60 164
3 61 146
3 62 60
3 63 116
3 64 276
3 65 22
3 66 116
3 67 298
3 68 266
3 69 72
3 70 172
3 71 108
3 72 67
3 73 256
3 74 164
3 75 283
3 76 189
3 77 24
3 78 135
3 79 239
3 80 166
3 81 46
3 82 72
3 83 16
3 84 168
3 85 122
3 86 139
3 87 300
3 88 157
3 89 211
3 90 217
3 91 66
3 92 20
3 93 139
3 94 252
3 95 225
3 96 73
3 97 90
3 98 155
3 99 268
3 100 61
3 101 157
3 102 91
3 103 198
3 104 87
3 105 136
3 106 220
3 107 116
3 108 78
3 109 239
3 110 142
3 111 255
3 112 120
3 113 241
3 114 106
3 115 107
3 116 38
3 117 243
3 118 120
3 119 95
3 120 164
4 5 107
4 6 204
4 7 17
4 8 223
4 9 294
4 10 105
4 11 250
4 12 264
4 13 186
4 14 147
4 15 110
4 16 122
4 17 19
4 18 30
4 19 173
4 20 98
4 21 274
4 22 126
4 23 186
4 24 20
4 25 75
4 26 98
4 27 89
4 28 129
4 29 242
4 30 283
4 31 97
4 32 222
4 33 289
4 34 283
4 35 59
4 36 23
4 37 133
4 38 80
4 39 142
4 40 259
4 41 227
4 42 208
4 43 111
4 44 83
4 45 161
4 46 25
4 47 138
4 48 277
4 49 193
4 50 235
4 51 43
4 52 16
4 53 77
4 54 286
4 55 157
4 56 267
4 57 97
4 58 105
4 59 235
4 60 54
4 61 176
4 62 130
4 63 73
4 64 231
4 65 296
4 66 103
4 67 36
4 68 80
4 69 128
4 70 60
4 71 166
4 72 97
4 73 239
4 74 132
4 75 244
4 76 221
4 77 36
4 78 205
4 79 120
4 80 216
4 81 153
4 82 141
4 83 76
4 84 98
4 85 287
4 86 217
4 87 36
4 88 233
4 89 226
4 90 43
4 91 182
4 92 233
4 93 286
4 94 156
4 95 39
4 96 199
4 97 88
4 98 236
4 99 178
4 100 276
4 101 23
4 102 105
4 103 273
4 104 158
4 105 168
4 106 235
4 107 188
4 108 278
4 109 35
4 110 73
4 111 82
4 112 209
4 113 206
4 114 130
4 115 263
4 116 219
4 117 192
4 118 112
4 119 63
4 120 182
5 6 138
5 7 59
5 8 110
5 9 121
5 10 163
5 11 250
5 12 45
5 13 170
5 14 230
5 15 283
5 16 269
5 17 252
5 18 215
5 19 14
5 20 109
5 21 119
5 22 150
5 23 265
5 24 178
5 25 17
5 26 240
5 27 166
5 28 245
5 29 136
5 30 202
5 31 166
5 32 23
5 33 64
5 34 27
5 35 261
5 36 291
5 37 155
5 38 253
5 39 118
5 40 225
5 41 281
5 42 48
5 43 235
5 44 288
5 45 117
5 46 254
5 47 142
5 48 181
5 49 209
5 50 47
5 51 142
5 52 108
5 53 251
5 54 22
5 55 219
5 56 45
5 57 267
5 58 36
5 59 167
5 60 256
5 61 291
5 62 68
5 63 94
5 64 54
5 65 40
5 66 64
5 67 144
5 68 233
5 69 113
5 70 223
5 71 213
5 72 267
5 73 203
5 74 194
5 75 230
5 76 210
5 77 120
5 78 237
5 79 147
5 80 105
5 81 60
5 82 277
5 83 211
5 84 123
5 85 212
5 86 278
5 87 265
5 88 123
5 89 283
5 90 56
5 91 293
5 92 63
5 93 244
5 94 32
5 95 170
5 96 268
5 97 50
5 98 23
5 99 59
5 100 66
5 101 105
5 102 86
5 103 119
5 104 246
5 105 258
5 106 205
5 107 229
5 108 149
5 109 122
5 110 35
5 111 54
5 112 11
5 113 200
5 114 212
5 115 175
5 116 71
5 117 222
5 118 270
5 119 125
5 120 65
6 7 295
6 8 45
6 9 89
6 10 267
6 11 276
6 12 208
6 13 149
6 14 241
6 15 119
6 16 141
6 17 177
6 18 189
6 19 187
6 20 43
6 21 90
6 22 199
6 23 80
6 24 262
6 25 183
6 26 223
6 27 298
6 28 29
6 29 299
6 30 262
6 31 229
6 32 184
6 33 282
6 34 46
6 35 216
6 36 224
6 37 156
6 38 77
6 39 35
6 40 12
6 41 57
6 42 74
6 43 238
6 44 277
6 45 30
6 46 298
6 47 174
6 48 81
6 49 142
6 50 86
6 51 142
6 52 103
6 53 184
6 54 76
6 55 270
6 56 29
6 57 263
6 58 293
6 59 33
6 60 236
6 61 61
6 62 16
6 63 252
6 64 107
6 65 73
6 66 272
6 67 156
6 68 145
6 69 227
6 70 127
6 71 165
6 72 42
6 73 118
6 74 192
6 75 203
6 76 191
6 77 230
6 78 167
6 79 174
6 80 285
6 81 260
6 82 231
6 83 92
6 84 154
6 85 39
6 86 101
6 87 215
6 88 124
6 89 263
6 90 162
6 91 253
6 92 12
6 93 78
6 94 172
6 95 47
6 96 97
6 97 184
6 98 97
6 99 152
6 100 38
6 101 115
6 102 283
6 103 10
6 104 272
6 105 53
6 106 126
6 107 64
6 108 72
6 109 272
6 110 203
6 111 140
6 112 168
6 113 250
6 114 98
6 115 137
6 116 67
6 117 146
6 118 292
6 119 28
6 120 97
7 8 51
7 9 221
7 10 245
7 11 43
7 12 175
7 13 271
7 14 155
7 15 77
7 16 196
7 17 200
7 18 272
7 19 44
7 20 299
7 21 123
7 22 276
7 23 271
7 24 122
7 25 285
7 26 108
7 27 291
7 28 256
7 29 226
7 30 51
7 31 170
7 32 36
7 33 296
7 34 110
7 35 252
7 36 243
7 37 135
7 38 103
7 39 43
7 40 229
7 41 143
7 42 259
7 43 197
7 44 66
7 45 34
7 46 224
7 47 49
7 48 83
7 49 34
7 50 223
7 51 58
7 52 236
7 53 239
7 54 240
7 55 290
7 56 32
7 57 75
7 58 168
7 59 165
7 60 112
7 61 258
7 62 118
7 63 54
7 64 50
7 65 285
7 66 216
7 67 232
7 68 239
7 69 198
7 70 57
7 71 121
7 72 117
7 73 95
7 74 203
7 75 113
7 76 155
7 77 28
7 78 94
7 79 89
7 80 76
7 81 270
7 82 15
7 83 64
7 84 281
7 85 155
7 86 70
7 87 181
7 88 129
7 89 213
7 90 43
7 91 229
7 92 66
7 93 104
7 94 136
7 95 275
7 96 209
7 97 75
7 98 52
7 99 131
7 100 81
7 101 72
7 102 101
7 103 87
7 104 79
7 105 113
7 106 262
7 107 284
7 108 13
7 109 193
7 110 83
7 111 239
7 112 91
7 113 205
7 114 235
7 115 32
7 116 42
7 117 252
7 118 31
7 119 35
7 120 167
8 9 166
8 10 62
8 11 81
8 12 84
8 13 187
8 14 22
8 15 82
8 16 270
8 17 22
8 18 280
8 19 165
8 20 261
8 21 85
8 22 136
8 23 250
8 24 283
8 25 26
8 26 150
8 27 265
8 28 153
8 29 44
8 30 137
8 31 201
8 32 226
8 33 166
8 34 216
8 35 14
8 36 23
8 37 269
8 38 56
8 39 85
8 40 111
8 41 236
8 42 254
8 43 27
8 44 32
8 45 51
8 46 128
8 47 203
8 48 109
8 49 81
8 50 119
8 51 268
8 52 117
8 53 248
8 54 43
8 55 187
8 56 216
8 57 40
8 58 52
8 59 37
8 60 127
8 61 288
8 62 41
8 63 135
8 64 14
8 65 140
8 66 169
8 67 205
8 68 238
8 69 172
8 70 114
8 71 163
8 72 298
8 73 201
8 74 131
8 75 237
8 76 245
8 77 260
8 78 121
8 79 277
8 80 160
8 81 157
8 82 150
8 83 115
8 84 228
8 85 95
8 86 211
8 87 53
8 88 83
8 89 114
8 90 138
8 91 132
8 92 237
8 93 210
8 94 98
8 95 244
8 96 149
8 97 36
8 98 229
8 99 297
8 100 263
8 101 270
8 102 30
8 103 122
8 104 65
8 105 79
8 106 184
8 107 247
8 108 64
8 109 124
8 110 247
8 111 285
8 112 50
8 113 147
8 114 44
8 115 122
8 116 187
8 117 160
8 118 241
8 119 227
8 120 199
9 10 48
9 11 95
9 12 241
9 13 189
9 14 91
9 15 47
9 16 95
9 17 271
9 18 298
9 19 246
9 20 15
9 21 102
9 22 60
9 23 208
9 24 161
9 25 39
9 26 128
9 27 147
9 28 126
9 29 252
9 30 76
9 31 259
9 32 86
9 33 106
9 34 227
9 35 135
9 36 206
9 37 80
9 38 131
9 39 46
9 40 236
9 41 221
9 42 175
9 43 13
9 44 152
9 45 168
9 46 174
9 47 81
9 48 91
9 49 212
9 50 194
9 51 264
9 52 198
9 53 126
9 54 46
9 55 212
9 56 198
9 57 48
9 58 65
9 59 69
9 60 136
9 61 115
9 62 174
9 63 122
9 64 69
9 65 134
9 66 196
9 67 79
9 68 153
9 69 60
9 70 24
9 71 69
9 72 280
9 73 49
9 74 100
9 75 39
9 76 172
9 77 286
9 78 263
9 79 246
9 80 70
9 81 123
9 82 113
9 83 72
9 84 32
9 85 39
9 86 103
9 87 294
9 88 157
9 89 132
9 90 191
9 91 31
9 92 242
9 93 33
9 94 182
9 95 72
9 96 146
9 97 27
9 98 191
9 99 62
9 100 281
9 101 26
9 102 261
9 103 263
9 104 48
9 105 215
9 106 18
9 107 272
9 108 64
9 109 234
9 110 62
9 111 88
9 112 98
9 113 161
9 114 166
9 115 228
9 116 208
9 117 117
9 118 171
9 119 274
9 120 187
10 11 35
10 12 116
10 13 144
10 14 255
10 15 160
10 16 58
10 17 156
10 18 161
10 19 162
10 20 33
10 21 107
10 22 155
10 23 143
10 24 87
10 25 264
10 26 272
10 27 187
10 28 170
10 29 285
10 30 271
10 31 75
10 32 104
10 33 245
10 34 260
10 35 59
10 36 88
10 37 51
10 38 212
10 39 141
10 40 48
10 41 148
10 42 130
10 43 73
10 44 105
10 45 17
10 46 206
10 47 48
10 48 87
10 49 149
10 50 91
10 51 216
10 52 148
10 53 113
10 54 235
10 55 48
10 56 296
10 57 160
10 58 82
10 59 141
10 60 21
10 61 59
10 62 259
10 63 46
10 64 216
10 65 83
10 66 127
10 67 126
10 68 120
10 69 225
10 70 233
10 71 93
10 72 106
10 73 219
10 74 118
10 75 287
10 76 98
10 77 263
10 78 112
10 79 36
10 80 107
10 81 262
10 82 183
10 83 89
10 84 78
10 85 273
10 86 167
10 87 87
10 88 42
10 89 134
10 90 148
10 91 130
10 92 200
10 93 153
10 94 145
10 95 194
10 96 127
10 97 181
10 98 246
10 99 162
10 100 43
10 101 244
10 102 171
10 103 181
10 104 99
10 105 84
10 106 220
10 107 51
10 108 30
10 109 24
10 110 221
10 111 288
10 112 202
10 113 236
10 114 205
10 115 269
10 116 205
10 117 65
10 118 59
10 119 226
10 120 97
11 12 257
11 13 211
11 14 250
11 15 99
11 16 223
11 17 229
11 18 165
11 19 27
11 20 266
11 21 226
11 22 48
11 23 62
11 24 234
11 25 165
11 26 148
11 27 12
11 28 259
11 29 136
11 30 182
11 31 294
11 32 205
11 33 288
11 34 267
11 35 195
11 36 281
11 37 84
11 38 66
11 39 148
11 40 187
11 41 130
11 42 249
11 43 161
11 44 109
11 45 53
11 46 113
11 47 280
11 48 51
11 49 251
11 50 151
11 51 270
11 52 81
11 53 225
11 54 96
11 55 266
11 56 100
11 57 157
11 58 109
11 59 79
11 60 126
11 61 37
11 62 132
11 63 106
11 64 179
11 65 58
11 66 231
11 67 265
11 68 238
11 69 169
11 70 32
11 71 182
11 72 24
11 73 202
11 74 167
11 75 295
11 76 109
11 77 197
11 78 78
11 79 258
11 80 243
11 81 144
11 82 150
11 83 214
11 84 91
11 85 100
11 86 69
11 87 37
11 88 58
11 89 93
11 90 213
11 91 108
11 92 180
11 93 294
11 94 124
11 95 146
11 96 175
11 97 283
11 98 237
11 99 127
11 100 294
11 101 171
11 102 94
11 103 122
11 104 75
11 105 151
11 106 50
11 107 106
11 108 167
11 109 158
11 110 285
11 111 110
11 112 272
11 113 233
11 114 206
11 115 140
11 116 83
11 117 189
11 118 208
11 119 211
11 120 230
12 13 167
12 14 239
12 15 270
12 16 242
12 17 41
12 18 179
12 19 68
12 20 197
12 21 220
12 22 194
12 23 191
12 24 218
12 25 250
12 26 230
12 27 176
12 28 283
12 29 21
12 30 221
12 31 76
12 32 55
12 33 106
12 34 299
12 35 206
12 36 141
12 37 199
12 38 105
12 39 232
12 40 228
12 41 115
12 42 161
12 43 236
12 44 90
12 45 228
12 46 25
12 47 181
12 48 187
12 49 268
12 50 13
12 51 236
12 52 35
12 53 253
12 54 292
12 55 248
12 56 150
12 57 51
12 58 269
12 59 234
12 60 98
12 61 184
12 62 263
12 63 66
12 64 203
12 65 274
12 66 203
12 67 274
12 68 265
12 69 40
12 70 193
12 71 38
12 72 16
12 73 151
12 74 23
12 75 187
12 76 160
12 77 111
12 78 86
12 79 221
12 80 194
12 81 174
12 82 256
12 83 96
12 84 256
12 85 193
12 86 271
12 87 243
12 88 85
12 89 128
12 90 208
12 91 300
12 92 229
12 93 294
12 94 189
12 95 255
12 96 221
12 97 181
12 98 250
12 99 299
12 100 259
12 101 109
12 102 51
12 103 117
12 104 26
12 105 145
12 106 204
12 107 148
12 108 119
12 109 54
12 110 60
12 111 299
12 112 220
12 113 120
12 114 91
12 115 152
12 116 179
12 117 143
12 118 69
12 119 113
12 120 11
13 14 10
13 15 105
13 16 71
13 17 215
13 18 174
13 19 210
13 20 89
13 21 41
13 22 174
13 23 97
13 24 159
13 25 87
13 26 87
13 27 91
13 28 29
13 29 110
13 30 202
13 31 94
13 32 129
13 33 226
13 34 82
13 35 77
13 36 52
13 37 147
13 38 210
13 39 81
13 40 50
13 41 207
13 42 192
13 43 215
13 44 189
13 45 155
13 46 219
13 47 48
13 48 289
13 49 223
13 50 89
13 51 52
13 52 289
13 53 135
13 54 106
13 55 123
13 56 142
13 57 73
13 58 158
13 59 32
13 60 102
13 61 112
13 62 63
13 63 37
13 64 79
13 65 127
13 66 159
13 67 257
13 68 104
13 69 85
13 70 258
13 71 298
13 72 259
13 73 92
13 74 164
13 75 142
13 76 204
13 77 195
13 78 111
13 79 188
13 80 232
13 81 293
13 82 240
13 83 184
13 84 255
13 85 152
13 86 162
13 87 119
13 88 282
13 89 72
13 90 101
13 91 59
13 92 252
13 93 271
13 94 231
13 95 244
13 96 89
13 97 213
13 98 259
13 99 26
13 100 16
13 101 48
13 102 255
13 103 75
13 104 194
13 105 73
13 106 242
13 107 223
13 108 267
13 109 254
13 110 187
13 111 166
13 112 271
13 113 56
13 114 99
13 115 192
13 116 157
13 117 187
13 118 240
13 119 97
13 120 271
14 15 132
14 16 145
14 17 280
14 18 149
14 19 205
14 20 175
14 21 19
14 22 289
14 23 112
14 24 65
14 25 23
14 26 126
14 27 95
14 28 194
14 29 23
14 30 94
14 31 280
14 32 65
14 33 69
14 34 84
14 35 231
14 36 74
14 37 126
14 38 35
14 39 193
14 40 273
14 41 32
14 42 262
14 43 228
14 44 15
14 45 177
14 46 69
14 47 27
14 48 270
14 49 162
14 50 169
14 51 268
14 52 175
14 53 91
14 54 300
14 55 61
14 56 273
14 57 241
14 58 213
14 59 31
14 60 183
14 61 84
14 62 53
14 63 64
14 64 81
14 65 167
14 66 258
14 67 136
14 68 223
14 69 20
14 70 175
14 71 51
14 72 31
14 73 248
14 74 213
14 75 113
14 76 240
14 77 175
14 78 67
14 79 32
14 80 110
14 81 165
14 82 14
14 83 244
14 84 154
14 85 132
14 86 134
14 87 75
14 88 89
14 89 136
14 90 89
14 91 174
14 92 69
14 93 241
14 94 198
14 95 47
14 96 170
14 97 174
14 98 192
14 99 231
14 100 69
14 101 252
14 102 258
14 103 202
14 104 287
14 105 274
14 106 94
14 107 221
14 108 58
14 109 213
14 110 32
14 111 73
14 112 69
14 113 240
14 114 259
14 115 210
14 116 292
14 117 282
14 118 53
14 119 266
14 120 142
15 16 72
15 17 272
15 18 241
15 19 128
15 20 82
15 21 37
15 22 16
15 23 99
15 24 92
15 25 195
15 26 121
15 27 232
15 28 48
15 29 16
15 30 53
15 31 143
15 32 118
15 33 242
15 34 60
15 35 205
15 36 297
15 37 110
15 38 57
15 39 27
15 40 288
15 41 88
15 42 225
15 43 129
15 44 28
15 45 270
15 46 55
15 47 295
15 48 160
15 49 90
15 50 58
15 51 32
15 52 185
15 53 187
15 54 173
15 55 249
15 56 201
15 57 107
15 58 291
15 59 63
15 60 71
15 61 59
15 62 98
15 63 116
15 64 293
15 65 142
15 66 117
15 67 81
15 68 277
15 69 204
15 70 157
15 71 145
15 72 82
15 73 235
15 74 88
15 75 162
15 76 172
15 77 179
15 78 68
15 79 159
15 80 197
15 81 98
15 82 105
15 83 66
15 84 245
15 85 241
15 86 250
15 87 61
15 88 114
15 89 112
15 90 69
15 91 81
15 92 277
15 93 42
15 94 248
15 95 211
15 96 35
15 97 262
15 98 116
15 99 56
15 100 67
15 101 200
15 102 99
15 103 194
15 104 83
15 105 111
15 106 128
15 107 202
15 108 50
15 109 71
15 110 57
15 111 11
15 112 49
15 113 274
15 114 147
15 115 51
15 116 103
15 117 228
15 118 222
15 119 66
15 120 25
16 17 270
16 18 185
16 19 229
16 20 189
16 21 211
16 22 91
16 23 226
16 24 189
16 25 27
16 26 156
16 27 219
16 28 188
16 29 111
16 30 96
16 31 78
16 32 75
16 33 152
16 34 176
16 35 32
16 36 77
16 37 149
16 38 165
16 39 149
16 40 150
16 41 250
16 42 121
16 43 79
16 44 165
16 45 201
16 46 300
16 47 12
16 48 111
16 49 154
16 50 213
16 51 111
16 52 276
16 53 27
16 54 198
16 55 264
16 56 215
16 57 89
16 58 247
16 59 96
16 60 214
16 61 257
16 62 232
16 63 76
16 64 176
16 65 57
16 66 24
16 67 187
16 68 266
16 69 60
16 70 293
16 71 38
16 72 59
16 73 158
16 74 277
16 75 218
16 76 104
16 77 241
16 78 269
16 79 231
16 80 17
16 81 297
16 82 64
16 83 239
16 84 188
16 85 295
16 86 44
16 87 175
16 88 213
16 89 185
16 90 285
16 91 297
16 92 88
16 93 73
16 94 204
16 95 272
16 96 129
16 97 267
16 98 155
16 99 211
16 100 263
16 101 231
16 102 165
16 103 11
16 104 209
16 105 75
16 106 172
16 107 286
16 108 51
16 109 33
16 110 66
16 111 261
16 112 95
16 113 246
16 114 274
16 115 198
16 116 196
16 117 202
16 118 48
16 119 180
16 120 65
17 18 167
17 19 293
17 20 153
17 21 151
17 22 142
17 23 197
17 24 285
17 25 209
17 26 188
17 27 229
17 28 110
17 29 20
17 30 207
17 31 138
17 32 126
17 33 276
17 34 119
17 35 273
17 36 201
17 37 79
17 38 87
17 39 83
17 40 110
17 41 87
17 42 123
17 43 226
17 44 221
17 45 288
17 46 228
17 47 47
17 48 28
17 49 61
17 50 44
17 51 272
17 52 108
17 53 300
17 54 279
17 55 31
17 56 282
17 57 253
17 58 34
17 59 249
17 60 23
17 61 64
17 62 148
17 63 101
17 64 147
17 65 88
17 66 201
17 67 192
17 68 117
17 69 144
17 70 185
17 71 179
17 72 279
17 73 18
17 74 173
17 75 142
17 76 31
17 77 150
17 78 140
17 79 185
17 80 81
17 81 194
17 82 108
17 83 273
17 84 45
17 85 219
17 86 231
17 87 49
17 88 33
17 89 33
17 90 278
17 91 296
17 92 164
17 93 252
17 94 36
17 95 76
17 96 261
17 97 228
17 98 38
17 99 201
17 100 122
17 101 273
17 102 177
17 103 240
17 104 216
17 105 73
17 106 279
17 107 174
17 108 185
17 109 261
17 110 248
17 111 41
17 112 88
17 113 255
17 114 65
17 115 246
17 116 119
17 117 259
17 118 170
17 119 44
17 120 252
18 19 220
18 20 78
18 21 189
18 22 93
18 23 80
18 24 38
18 25 52
18 26 42
18 27 132
18 28 247
18 29 158
18 30 266
18 31 127
18 32 184
18 33 89
18 34 48
18 35 127
18 36 76
18 37 123
18 38 179
18 39 157
18 40 154
18 41 261
18 42 248
18 43 262
18 44 174
18 45 222
18 46 105
18 47 35
18 48 296
18 49 244
18 50 191
18 51 150
18 52 32
18 53 150
18 54 64
18 55 267
18 56 216
18 57 214
18 58 25
18 59 246
18 60 92
18 61 130
18 62 17
18 63 181
18 64 92
18 65 179
18 66 224
18 67 207
18 68 269
18 69 290
18 70 200
18 71 205
18 72 191
18 73 248
18 74 209
18 75 76
18 76 168
18 77 72
18 78 185
18 79 237
18 80 97
18 81 77
18 82 147
18 83 260
18 84 258
18 85 236
18 86 94
18 87 283
18 88 26
18 89 16
18 90 38
18 91 137
18 92 171
18 93 93
18 94 105
18 95 89
18 96 234
18 97 282
18 98 33
18 99 290
18 100 42
18 101 105
18 102 150
18 103 125
18 104 22
18 105 174
18 106 266
18 107 250
18 108 218
18 109 51
18 110 61
18 111 101
18 112 17
18 113 209
18 114 249
18 115 287
18 116 201
18 117 253
18 118 99
18 119 234
18 120 287
19 20 242
19 21 288
19 22 289
19 23 127
19 24 271
19 25 101
19 26 120
19 27 212
19 28 105
19 29 169
19 30 30
19 31 170
19 32 179
19 33 110
19 34 267
19 35 231
19 36 28
19 37 15
19 38 236
19 39 38
19 40 214
19 41 243
19 42 134
19 43 134
19 44 166
19 45 170
19 46 256
19 47 74
19 48 230
19 49 98
19 50 225
19 51 164
19 52 102
19 53 24
19 54 36
19 55 215
19 56 282
19 57 292
19 58 97
19 59 284
19 60 83
19 61 171
19 62 87
19 63 125
19 64 255
19 65 294
19 66 71
19 67 212
19 68 108
19 69 102
19 70 140
19 71 178
19 72 137
19 73 146
19 74 45
19 75 10
19 76 175
19 77 257
19 78 84
19 79 10
19 80 296
19 81 283
19 82 190
19 83 155
19 84 210
19 85 111
19 86 242
19 87 206
19 88 72
19 89 18
19 90 221
19 91 223
19 92 96
19 93 14
19 94 100
19 95 97
19 96 181
19 97 215
19 98 21
19 99 144
19 100 289
19 101 73
19 102 243
19 103 215
19 104 69
19 105 288
19 106 171
19 107 279
19 108 196
19 109 278
19 110 169
19 111 42
19 112 76
19 113 279
19 114 79
19 115 61
19 116 292
19 117 235
19 118 125
19 119 162
19 120 117
20 21 206
20 22 247
20 23 157
20 24 170
20 25 241
20 26 164
20 27 51
20 28 298
20 29 132
20 30 23
20 31 243
20 32 223
20 33 278
20 34 167
20 35 18
20 36 128
20 37 68
20 38 210
20 39 257
20 40 252
20 41 229
20 42 92
20 43 201
20 44 241
20 45 207
20 46 225
20 47 77
20 48 265
20 49 79
20 50 71
20 51 203
20 52 192
20 53 263
20 54 220
20 55 217
20 56 121
20 57 26
20 58 85
20 59 298
20 60 148
20 61 292
20 62 79
20 63 38
20 64 257
20 65 53
20 66 138
20 67 292
20 68 261
20 69 182
20 70 31
20 71 191
20 72 47
20 73 144
20 74 91
20 75 202
20 76 66
20 77 16
20 78 273
20 79 205
20 80 171
20 81 173
20 82 18
20 83 273
20 84 19
20 85 67
20 86 73
20 87 134
20 88 173
20 89 241
20 90 39
20 91 73
20 92 150
20 93 267
20 94 59
20 95 120
20 96 64
20 97 72
20 98 135
20 99 12
20 100 221
20 101 68
20 102 100
20 103 243
20 104 133
20 105 146
20 106 289
20 107 123
20 108 212
20 109 88
20 110 281
20 111 80
20 112 239
20 113 220
20 114 33
20 115 136
20 116 75
20 117 179
20 118 174
20 119 80
20 120 243
21 22 298
21 23 134
21 24 281
21 25 70
21 26 90
21 27 231
21 28 232
21 29 132
21 30 261
21 31 21
21 32 257
21 33 239
21 34 100
21 35 251
21 36 234
21 37 175
21 38 109
21 39 224
21 40 182
21 41 21
21 42 294
21 43 158
21 44 250
21 45 247
21 46 288
21 47 74
21 48 177
21 49 124
21 50 105
21 51 269
21 52 185
21 53 276
21 54 91
21 55 90
21 56 193
21 57 300
21 58 237
21 59 269
21 60 74
21 61 241
21 62 46
21 63 113
21 64 274
21 65 267
21 66 295
21 67 76
21 68 73
21 69 35
21 70 68
21 71 77
21 72 196
21 73 191
21 74 280
21 75 211
21 76 80
21 77 156
21 78 234
21 79 299
21 80 126
21 81 171
21 82 168
21 83 144
21 84 13
21 85 300
21 86 79
21 87 138
21 88 22
21 89 231
21 90 86
21 91 184
21 92 285
21 93 179
21 94 20
21 95 167
21 96 151
21 97 274
21 98 217
21 99 54
21 100 174
21 101 115
21 102 261
21 103 222
21 104 80
21 105 102
21 106 181
21 107 25
21 108 260
21 109 136
21 110 50
21 111 94
21 112 285
21 113 224
21 114 291
21 115 233
21 116 197
21 117 117
21 118 186
21 119 233
21 120 195
22 23 269
22 24 146
22 25 221
22 26 290
22 27 11
22 28 81
22 29 258
22 30 168
22 31 151
22 32 142
22 33 28
22 34 59
22 35 287
22 36 137
22 37 300
22 38 169
22 39 275
22 40 80
22 41 225
22 42 105
22 43 213
22 44 132
22 45 219
22 46 292
22 47 115
22 48 131
22 49 227
22 50 77
22 51 298
22 52 159
22 53 181
22 54 145
22 55 78
22 56 273
22 57 283
22 58 99
22 59 22
22 60 166
22 61 133
22 62 113
22 63 135
22 64 213
22 65 71
22 66 106
22 67 42
22 68 52
22 69 272
22 70 61
22 71 69
22 72 140
22 73 14
22 74 254
22 75 271
22 76 178
22 77 147
22 78 15
22 79 58
22 80 253
22 81 276
22 82 258
22 83 69
22 84 102
22 85 208
22 86 153
22 87 83
22 88 172
22 89 10
22 90 143
22 91 194
22 92 71
22 93 196
22 94 49
22 95 284
22 96 55
22 97 12
22 98 102
22 99 287
22 100 236
22 101 158
22 102 276
22 103 134
22 104 111
22 105 146
22 106 108
22 107 80
22 108 292
22 109 84
22 110 53
22 111 137
22 112 13
22 113 282
22 114 237
22 115 218
22 116 107
22 117 192
22 118 93
22 119 292
22 120 253
23 24 123
23 25 265
23 26 177
23 27 258
23 28 154
23 29 236
23 30 291
23 31 179
23 32 279
23 33 43
23 34 251
23 35 269
23 36 135
23 37 149
23 38 65
23 39 220
23 40 79
23 41 150
23 42 268
23 43 136
23 44 131
23 45 16
23 46 119
23 47 197
23 48 165
23 49 38
23 50 124
23 51 237
23 52 38
23 53 140
23 54 24
23 55 258
23 56 180
23 57 75
23 58 191
23 59 38
23 60 70
23 61 250
23 62 167
23 63 176
23 64 263
23 65 110
23 66 127
23 67 257
23 68 35
23 69 129
23 70 57
23 71 33
23 72 111
23 73 68
23 74 50
23 75 71
23 76 273
23 77 11
23 78 75
23 79 80
23 80 75
23 81 90
23 82 267
23 83 57
23 84 210
23 85 161
23 86 103
23 87 37
23 88 107
23 89 140
23 90 31
23 91 275
23 92 43
23 93 144
23 94 220
23 95 185
23 96 11
23 97 107
23 98 201
23 99 210
23 100 45
23 101 64
23 102 144
23 103 40
23 104 104
23 105 58
23 106 219
23 107 160
23 108 31
23 109 264
23 110 294
23 111 118
23 112 175
23 113 281
23 114 62
23 115 10
23 116 290
23 117 38
23 118 273
23 119 47
23 120 12
24 25 231
24 26 67
24 27 33
24 28 185
24 29 75
24 30 180
24 31 264
24 32 255
24 33 273
24 34 84
24 35 249
24 36 224
24 37 113
24 38 213
24 39 275
24 40 293
24 41 114
24 42 282
24 43 213
24 44 164
24 45 191
24 46 114
24 47 243
24 48 71
24 49 262
24 50 61
24 51 139
24 52 188
24 53 104
24 54 150
24 55 97
24 56 44
24 57 187
24 58 231
24 59 294
24 60 225
24 61 180
24 62 201
24 63 287
24 64 265
24 65 59
24 66 43
24 67 165
24 68 146
24 69 75
24 70 299
24 71 177
24 72 133
24 73 182
24 74 220
24 75 186
24 76 242
24 77 285
24 78 57
24 79 32
24 80 223
24 81 234
24 82 149
24 83 76
24 84 37
24 85 222
24 86 73
24 87 15
24 88 159
24 89 92
24 90 29
24 91 157
24 92 285
24 93 133
24 94 256
24 95 286
24 96 126
24 97 106
24 98 268
24 99 224
24 100 282
24 101 288
24 102 180
24 103 29
24 104 187
24 105 52
24 106 227
24 107 241
24 108 267
24 109 186
24 110 249
24 111 283
24 112 11
24 113 271
24 114 54
24 115 239
24 116 49
24 117 288
24 118 147
24 119 272
24 120 41
25 26 211
25 27 130
25 28 110
25 29 89
25 30 108
25 31 280
25 32 276
25 33 239
25 34 277
25 35 16
25 36 282
25 37 31
25 38 141
25 39 208
25 40 128
25 41 153
25 42 51
25 43 173
25 44 48
25 45 293
25 46 214
25 47 204
25 48 132
25 49 140
25 50 39
25 51 158
25 52 24
25 53 56
25 54 188
25 55 49
25 56 300
25 57 113
25 58 111
25 59 212
25 60 82
25 61 139
25 62 138
25 63 242
25 64 148
25 65 148
25 66 101
25 67 196
25 68 228
25 69 298
25 70 142
25 71 43
25 72 65
25 73 264
25 74 92
25 75 51
25 76 230
25 77 192
25 78 70
25 79 249
25 80 165
25 81 44
25 82 23
25 83 128
25 84 175
25 85 153
25 86 74
25 87 133
25 88 174
25 89 22
25 90 248
25 91 259
25 92 242
25 93 214
25 94 48
25 95 233
25 96 187
25 97 121
25 98 285
25 99 191
25 100 99
25 101 255
25 102 216
25 103 284
25 104 243
25 105 146
25 106 281
25 107 144
25 108 244
25 109 191
25 110 86
25 111 32
25 112 182
25 113 140
25 114 91
25 115 226
25 116 61
25 117 228
25 118 219
25 119 44
25 120 199
26 27 245
26 28 292
26 29 19
26 30 128
26 31 155
26 32 136
26 33 43
26 34 208
26 35 108
26 36 161
26 37 187
26 38 10
26 39 224
26 40 42
26 41 19
26 42 38
26 43 254
26 44 126
26 45 296
26 46 173
26 47 106
26 48 163
26 49 208
26 50 237
26 51 233
26 52 248
26 53 252
26 54 152
26 55 201
26 56 35
26 57 78
26 58 162
26 59 155
26 60 70
26 61 35
26 62 285
26 63 137
26 64 174
26 65 174
26 66 156
26 67 249
26 68 289
26 69 188
26 70 121
26 71 246
26 72 230
26 73 99
26 74 270
26 75 293
26 76 259
26 77 78
26 78 26
26 79 250
26 80 272
26 81 233
26 82 283
26 83 59
26 84 148
26 85 93
26 86 168
26 87 280
26 88 102
26 89 161
26 90 260
26 91 79
26 92 97
26 93 20
26 94 300
26 95 221
26 96 153
26 97 39
26 98 226
26 99 22
26 100 179
26 101 282
26 102 139
26 103 96
26 104 154
26 105 248
26 106 275
26 107 244
26 108 173
26 109 222
26 110 203
26 111 259
26 112 158
26 113 17
26 114 269
26 115 293
26 116 30
26 117 111
26 118 254
26 119 295
26 120 182
27 28 97
27 29 193
27 30 29
27 31 190
27 32 23
27 33 220
27 34 284
27 35 179
27 36 100
27 37 43
27 38 112
27 39 295
27 40 257
27 41 190
27 42 243
27 43 119
27 44 58
27 45 148
27 46 188
27 47 298
27 48 236
27 49 207
27 50 89
27 51 241
27 52 269
27 53 194
27 54 89
27 55 90
27 56 277
27 57 104
27 58 79
27 59 114
27 60 79
27 61 111
27 62 212
27 63 219
27 64 180
27 65 247
27 66 45
27 67 231
27 68 228
27 69 55
27 70 10
27 71 163
27 72 172
27 73 99
27 74 138
27 75 51
27 76 83
27 77 15
27 78 16
27 79 213
27 80 144
27 81 162
27 82 284
27 83 49
27 84 29
27 85 151
27 86 279
27 87 22
27 88 100
27 89 250
27 90 117
27 91 107
27 92 169
27 93 12
27 94 287
27 95 120
27 96 299
27 97 141
27 98 35
27 99 42
27 100 23
27 101 72
27 102 47
27 103 215
27 104 142
27 105 134
27 106 52
27 107 129
27 108 246
27 109 220
27 110 132
27 111 99
27 112 275
27 113 59
27 114 233
27 115 241
27 116 140
27 117 195
27 118 77
27 119 166
27 120 229
28 29 226
28 30 29
28 31 187
28 32 25
28 33 30
28 34 202
28 35 31
28 36 14
28 37 189
28 38 103
28 39 248
28 40 60
28 41 271
28 42 286
28 43 158
28 44 31
28 45 168
28 46 281
28 47 208
28 48 210
28 49 89
28 50 17
28 51 213
28 52 116
28 53 204
28 54 127
28 55 135
28 56 108
28 57 115
28 58 70
28 59 45
28 60 80
28 61 45
28 62 147
28 63 11
28 64 198
28 65 163
28 66 113
28 67 155
28 68 218
28 69 121
28 70 249
28 71 182
28 72 12
28 73 27
28 74 21
28 75 193
28 76 227
28 77 72
28 78 200
28 79 97
28 80 111
28 81 221
28 82 167
28 83 55
28 84 72
28 85 112
28 86 189
28 87 74
28 88 14
28 89 17
28 90 89
28 91 259
28 92 285
28 93 210
28 94 239
28 95 162
28 96 207
28 97 155
28 98 287
28 99 164
28 100 38
28 101 150
28 102 260
28 103 294
28 104 52
28 105 288
28 106 113
28 107 227
28 108 64
28 109 235
28 110 72
28 111 232
28 112 75
28 113 133
28 114 219
28 115 66
28 116 43
28 117 199
28 118 134
28 119 236
28 120 134
29 30 52
29 31 244
29 32 17
29 33 230
29 34 213
29 35 127
29 36 97
29 37 82
29 38 263
29 39 123
29 40 95
29 41 131
29 42 166
29 43 15
29 44 198
29 45 282
29 46 290
29 47 119
29 48 247
29 49 103
29 50 93
29 51 119
29 52 199
29 53 253
29 54 246
29 55 245
29 56 258
29 57 218
29 58 284
29 59 84
29 60 82
29 61 276
29 62 128
29 63 156
29 64 10
29 65 147
29 66 266
29 67 91
29 68 32
29 69 85
29 70 147
29 71 281
29 72 199
29 73 232
29 74 180
29 75 69
29 76 126
29 77 114
29 78 179
29 79 266
29 80 102
29 81 272
29 82 67
29 83 189
29 84 65
29 85 122
29 86 14
29 87 126
29 88 135
29 89 197
29 90 233
29 91 225
29 92 227
29 93 132
29 94 137
29 95 299
29 96 184
29 97 18
29 98 291
29 99 139
29 100 62
29 101 282
29 102 196
29 103 145
29 104 276
29 105 133
29 106 80
29 107 190
29 108 89
29 109 146
29 110 75
29 111 139
29 112 71
29 113 99
29 114 252
29 115 251
29 116 96
29 117 114
29 118 211
29 119 202
29 120 244
30 31 10
30 32 24
30 33 234
30 34 251
30 35 72
30 36 231
30 37 224
30 38 31
30 39 11
30 40 112
30 41 281
30 42 272
30 43 293
30 44 225
30 45 199
30 46 69
30 47 260
30 48 129
30 49 26
30 50 107
30 51 159
30 52 109
30 53 271
30 54 93
30 55 249
30 56 124
30 57 272
30 58 249
30 59 14
30 60 79
30 61 154
30 62 251
30 63 222
30 64 208
30 65 185
30 66 174
30 67 127
30 68 83
30 69 198
30 70 268
30 71 194
30 72 206
30 73 145
30 74 152
30 75 237
30 76 256
30 77 240
30 78 98
30 79 30
30 80 22
30 81 240
30 82 121
30 83 86
30 84 203
30 85 252
30 86 89
30 87 87
30 88 44
30 89 202
30 90 71
30 91 11
30 92 143
30 93 24
30 94 198
30 95 49
30 96 286
30 97 260
30 98 117
30 99 273
30 100 200
30 101 184
30 102 192
30 103 166
30 104 87
30 105 242
30 106 62
30 107 121
30 108 145
30 109 79
30 110 166
30 111 28
30 112 150
30 113 218
30 114 115
30 115 276
30 116 50
30 117 126
30 118 253
30 119 71
30 120 84
31 32 277
31 33 91
31 34 11
31 35 190
31 36 36
31 37 225
31 38 292
31 39 67
31 40 210
31 41 276
31 42 264
31 43 82
31 44 239
31 45 139
31 46 209
31 47 229
31 48 22
31 49 27
31 50 189
31 51 101
31 52 117
31 53 122
31 54 256
31 55 21
31 56 227
31 57 135
31 58 17
31 59 124
31 60 130
31 61 140
31 62 232
31 63 146
31 64 141
31 65 162
31 66 68
31 67 199
31 68 170
31 69 75
31 70 284
31 71 123
31 72 190
31 73 69
31 74 36
31 75 101
31 76 297
31 77 89
31 78 61
31 79 282
31 80 132
31 81 287
31 82 293
31 83 120
31 84 205
31 85 172
31 86 186
31 87 44
31 88 202
31 89 229
31 90 92
31 91 219
31 92 262
31 93 199
31 94 107
31 95 247
31 96 48
31 97 276
31 98 222
31 99 227
31 100 273
31 101 56
31 102 213
31 103 225
31 104 193
31 105 157
31 106 112
31 107 159
31 108 262
31 109 289
31 110 287
31 111 228
31 112 36
31 113 231
31 114 246
31 115 99
31 116 255
31 117 262
31 118 33
31 119 33
31 120 188
32 33 236
32 34 122
32 35 153
32 36 91
32 37 50
32 38 42
32 39 160
32 40 274
32 41 87
32 42 170
32 43 92
32 44 187
32 45 103
32 46 35
32 47 100
32 48 161
32 49 257
32 50 33
32 51 31
32 52 41
32 53 260
32 54 142
32 55 177
32 56 59
32 57 130
32 58 124
32 59 145
32 60 78
32 61 49
32 62 114
32 63 160
32 64 169
32 65 161
32 66 71
32 67 28
32 68 174
32 69 92
32 70 60
32 71 33
32 72 148
32 73 28
32 74 288
32 75 110
32 76 179
32 77 162
32 78 185
32 79 44
32 80 278
32 81 108
32 82 193
32 83 78
32 84 229
32 85 165
32 86 177
32 87 71
32 88 204
32 89 243
32 90 177
32 91 285
32 92 110
32 93 20
32 94 172
32 95 146
32 96 153
32 97 158
32 98 134
32 99 98
32 100 231
32 101 110
32 102 81
32 103 118
32 104 295
32 105 129
32 106 16
32 107 16
32 108 84
32 109 73
32 110 155
32 111 206
32 112 43
32 113 187
32 114 34
32 115 293
32 116 260
32 117 290
32 118 19
32 119 137
32 120 59
33 34 221
33 35 92
33 36 259
33 37 22
33 38 26
33 39 164
33 40 196
33 41 83
33 42 152
33 43 238
33 44 67
33 45 165
33 46 166
33 47 49
33 48 245
33 49 160
33 50 46
33 51 117
33 52 264
33 53 277
33 54 256
33 55 40
33 56 102
33 57 298
33 58 139
33 59 296
33 60 40
33 61 116
33 62 131
33 63 295
33 64 38
33 65 191
33 66 250
33 67 264
33 68 282
33 69 251
33 70 161
33 71 43
33 72 62
33 73 181
33 74 248
33 75 27
33 76 247
33 77 168
33 78 142
33 79 241
33 80 203
33 81 229
33 82 285
33 83 212
33 84 110
33 85 195
33 86 173
33 87 45
33 88 142
33 89 53
33 90 192
33 91 80
33 92 23
33 93 123
33 94 135
33 95 205
33 96 45
33 97 230
33 98 28
33 99 175
33 100 227
33 101 202
33 102 59
33 103 111
33 104 221
33 105 13
33 106 240
33 107 196
33 108 226
33 109 183
33 110 240
33 111 230
33 112 73
33 113 32
33 114 11
33 115 182
33 116 252
33 117 262
33 118 85
33 119 54
33 120 11
34 35 105
34 36 143
34 37 71
34 38 53
34 39 85
34 40 97
34 41 249
34 42 254
34 43 242
34 44 39
34 45 188
34 46 221
34 47 85
34 48 107
34 49 270
34 50 276
34 51 211
34 52 191
34 53 45
34 54 282
34 55 103
34 56 99
34 57 241
34 58 14
34 59 148
34 60 189
34 61 150
34 62 11
34 63 66
34 64 161
34 65 272
34 66 121
34 67 202
34 68 235
34 69 16
34 70 68
34 71 150
34 72 208
34 73 94
34 74 134
34 75 158
34 76 155
34 77 150
34 78 161
34 79 202
34 80 261
34 81 53
34 82 81
34 83 45
34 84 190
34 85 154
34 86 112
34 87 210
34 88 281
34 89 22
34 90 162
34 91 17
34 92 166
34 93 195
34 94 19
34 95 58
34 96 47
34 97 75
34 98 166
34 99 224
34 100 148
34 101 276
34 102 99
34 103 215
34 104 29
34 105 209
34 106 98
34 107 205
34 108 216
34 109 48
34 110 55
34 111 140
34 112 256
34 113 215
34 114 140
34 115 277
34 116 75
34 117 160
34 118 152
34 119 115
34 120 97
35 36 12
35 37 62
35 38 249
35 39 163
35 40 293
35 41 252
35 42 182
35 43 242
35 44 46
35 45 217
35 46 218
35 47 270
35 48 183
35 49 189
35 50 234
35 51 239
35 52 33
35 53 85
35 54 107
35 55 91
35 56 199
35 57 137
35 58 256
35 59 138
35 60 223
35 61 93
35 62 298
35 63 218
35 64 189
35 65 189
35 66 267
35 67 105
35 68 21
35 69 79
35 70 214
35 71 289
35 72 210
35 73 61
35 74 184
35 75 206
35 76 231
35 77 125
35 78 134
35 79 109
35 80 115
35 81 26
35 82 292
35 83 10
35 84 153
35 85 10
35 86 167
35 87 215
35 88 201
35 89 134
35 90 90
35 91 285
35 92 263
35 93 178
35 94 201
35 95 124
35 96 292
35 97 262
35 98 237
35 99 41
35 100 29
35 101 84
35 102 118
35 103 190
35 104 215
35 105 243
35 106 133
35 107 48
35 108 227
35 109 242
35 110 44
35 111 260
35 112 186
35 113 17
35 114 232
35 115 76
35 116 78
35 117 154
35 118 131
35 119 122
35 120 116
36 37 226
36 38 179
36 39 287
36 40 217
36 41 223
36 42 227
36 43 142
36 44 156
36 45 81
36 46 216
36 47 265
36 48 142
36 49 29
36 50 254
36 51 15
36 52 270
36 53 20
36 54 67
36 55 209
36 56 146
36 57 51
36 58 250
36 59 59
36 60 173
36 61 262
36 62 251
36 63 57
36 64 207
36 65 127
36 66 268
36 67 275
36 68 204
36 69 234
36 70 207
36 71 38
36 72 194
36 73 68
36 74 57
36 75 83
36 76 284
36 77 214
36 78 108
36 79 235
36 80 162
36 81 162
36 82 136
36 83 299
36 84 167
36 85 159
36 86 126
36 87 220
36 88 278
36 89 125
36 90 33
36 91 230
36 92 253
36 93 39
36 94 234
36 95 95
36 96 226
36 97 23
36 98 174
36 99 165
36 100 259
36 101 200
36 102 72
36 103 23
36 104 83
36 105 102
36 106 73
36 107 17
36 108 225
36 109 84
36 110 37
36 111 217
36 112 212
36 113 22
36 114 51
36 115 258
36 116 267
36 117 220
36 118 50
36 119 199
36 120 170
37 38 239
37 39 86
37 40 296
37 41 176
37 42 195
37 43 274
37 44 254
37 45 266
37 46 299
37 47 109
37 48 257
37 49 233
37 50 237
37 51 84
37 52 115
37 53 82
37 54 242
37 55 248
37 56 54
37 57 293
37 58 173
37 59 15
37 60 168
37 61 40
37 62 259
37 63 15
37 64 257
37 65 195
37 66 170
37 67 203
37 68 207
37 69 34
37 70 74
37 71 122
37 72 149
37 73 231
37 74 253
37 75 177
37 76 293
37 77 31
37 78 77
37 79 111
37 80 125
37 81 161
37 82 45
37 83 236
37 84 45
37 85 12
37 86 171
37 87 57
37 88 143
37 89 206
37 90 158
37 91 286
37 92 159
37 93 208
37 94 289
37 95 260
37 96 179
37 97 289
37 98 178
37 99 185
37 100 190
37 101 111
37 102 74
37 103 265
37 104 131
37 105 95
37 106 283
37 107 275
37 108 155
37 109 104
37 110 35
37 111 14
37 112 89
37 113 277
37 114 188
37 115 213
37 116 56
37 117 168
37 118 236
37 119 118
37 120 147
38 39 13
38 40 90
38 41 257
38 42 107
38 43 148
38 44 269
38 45 123
38 46 214
38 47 283
38 48 126
38 49 220
38 50 39
38 51 27
38 52 179
38 53 139
38 54 262
38 55 211
38 56 221
38 57 227
38 58 73
38 59 259
38 60 45
38 61 142
38 62 181
38 63 61
38 64 173
38 65 116
38 66 146
38 67 216
38 68 97
38 69 288
38 70 184
38 71 112
38 72 114
38 73 262
38 74 213
38 75 189
38 76 205
38 77 194
38 78 39
38 79 257
38 80 30
38 81 88
38 82 228
38 83 112
38 84 127
38 85 251
38 86 27
38 87 189
38 88 260
38 89 114
38 90 86
38 91 140
38 92 272
38 93 87
38 94 163
38 95 159
38 96 288
38 97 71
38 98 204
38 99 268
38 100 244
38 101 256
38 102 195
38 103 270
38 104 120
38 105 240
38 106 259
38 107 195
38 108 195
38 109 17
38 110 223
38 111 57
38 112 77
38 113 216
38 114 163
38 115 266
38 116 146
38 117 254
38 118 104
38 119 45
38 120 230
39 40 286
39 41 90
39 42 278
39 43 152
39 44 211
39 45 68
39 46 281
39 47 276
39 48 74
39 49 104
39 50 172
39 51 172
39 52 219
39 53 257
39 54 48
39 55 117
39 56 92
39 57 190
39 58 236
39 59 148
39 60 207
39 61 141
39 62 135
39 63 45
39 64 170
39 65 108
39 66 38
39 67 228
39 68 186
39 69 166
39 70 58
39 71 245
39 72 148
39 73 10
39 74 227
39 75 265
39 76 254
39 77 165
39 78 170
39 79 185
39 80 234
39 81 192
39 82 67
39 83 286
39 84 197
39 85 22
39 86 185
39 87 290
39 88 220
39 89 35
39 90 224
39 91 164
39 92 171
39 93 169
39 94 176
39 95 33
39 96 271
39 97 222
39 98 225
39 99 207
39 100 238
39 101 76
39 102 86
39 103 268
39 104 165
39 105 135
39 106 230
39 107 182
39 108 190
39 109 150
39 110 129
39 111 78
39 112 36
39 113 217
39 114 155
39 115 231
39 116 125
39 117 245
39 118 60
39 119 49
39 120 256
40 41 215
40 42 66
40 43 263
40 44 158
40 45 261
40 46 207
40 47 62
40 48 149
40 49 139
40 50 81
40 51 142
40 52 228
40 53 57
40 54 57
40 55 67
40 56 288
40 57 250
40 58 45
40 59 143
40 60 274
40 61 27
40 62 153
40 63 195
40 64 50
40 65 121
40 66 172
40 67 169
40 68 202
40 69 226
40 70 257
40 71 32
40 72 100
40 73 269
40 74 55
40 75 257
40 76 15
40 77 116
40 78 149
40 79 78
40 80 199
40 81 124
40 82 233
40 83 37
40 84 208
40 85 67
40 86 37
40 87 122
40 88 105
40 89 123
40 90 116
40 91 223
40 92 291
40 93 243
40 94 281
40 95 94
40 96 295
40 97 71
40 98 166
40 99 183
40 100 197
40 101 44
40 102 254
40 103 149
40 104 267
40 105 259
40 106 241
40 107 17
40 108 132
40 109 264
40 110 266
40 111 206
40 112 245
40 113 23
40 114 163
40 115 120
40 116 149
40 117 129
40 118 218
40 119 119
40 120 70
41 42 135
41 43 74
41 44 282
41 45 233
41 46 170
41 47 56
41 48 153
41 49 61
41 50 70
41 51 113
41 52 131
41 53 117
41 54 134
41 55 241
41 56 69
41 57 49
41 58 190
41 59 287
41 60 178
41 61 48
41 62 254
41 63 102
41 64 224
41 65 134
41 66 214
41 67 131
41 68 67
41 69 276
41 70 289
41 71 185
41 72 208
41 73 53
41 74 60
41 75 188
41 76 18
41 77 182
41 78 225
41 79 287
41 80 269
41 81 152
41 82 247
41 83 108
41 84 21
41 85 221
41 86 146
41 87 243
41 88 79
41 89 135
41 90 237
41 91 80
41 92 89
41 93 64
41 94 136
41 95 253
41 96 229
41 97 83
41 98 287
41 99 274
41 100 108
41 101 32
41 102 93
41 103 58
41 104 96
41 105 26
41 106 46
41 107 138
41 108 291
41 109 215
41 110 20
41 111 250
41 112 83
41 113 134
41 114 22
41 115 170
41 116 159
41 117 206
41 118 225
41 119 117
41 120 27
42 43 203
42 44 299
42 45 178
42 46 265
42 47 23
42 48 197
42 49 18
42 50 187
42 51 124
42 52 162
42 53 133
42 54 214
42 55 65
42 56 203
42 57 106
42 58 299
42 59 230
42 60 210
42 61 204
42 62 50
42 63 216
42 64 96
42 65 229
42 66 225
42 67 92
42 68 288
42 69 73
42 70 33
42 71 124
42 72 114
42 73 236
42 74 188
42 75 246
42 76 104
42 77 114
42 78 74
42 79 261
42 80 75
42 81 204
42 82 231
42 83 51
42 84 49
42 85 255
42 86 153
42 87 216
42 88 145
42 89 271
42 90 107
42 91 20
42 92 124
42 93 26
42 94 230
42 95 18
42 96 225
42 97 242
42 98 146
42 99 232
42 100 167
42 101 289
42 102 41
42 103 148
42 104 237
42 105 138
42 106 288
42 107 237
42 108 279
42 109 208
42 110 43
42 111 84
42 112 227
42 113 10
42 114 90
42 115 123
42 116 215
42 117 181
42 118 139
42 119 274
42 120 108
43 44 128
43 45 246
43 46 277
43 47 111
43 48 194
43 49 129
43 50 16
43 51 189
43 52 237
43 53 46
43 54 118
43 55 87
43 56 31
43 57 95
43 58 296
43 59 275
43 60 98
43 61 93
43 62 11
43 63 107
43 64 181
43 65 77
43 66 115
43 67 244
43 68 69
43 69 142
43 70 236
43 71 144
43 72 297
43 73 74
43 74 266
43 75 218
43 76 168
43 77 230
43 78 208
43 79 94
43 80 291
43 81 124
43 82 225
43 83 47
43 84 14
43 85 159
43 86 23
43 87 209
43 88 216
43 89 73
43 90 264
43 91 227
43 92 115
43 93 277
43 94 96
43 95 76
43 96 22
43 97 52
43 98 65
43 99 126
43 100 59
43 101 83
43 102 235
43 103 58
43 104 269
43 105 84
43 106 161
43 107 56
43 108 75
43 109 115
43 110 300
43 111 188
43 112 219
43 113 128
43 114 50
43 115 102
43 116 212
43 117 40
43 118 232
43 119 259
43 120 116
44 45 241
44 46 132
44 47 97
44 48 273
44 49 104
44 50 270
44 51 49
44 52 156
44 53 130
44 54 42
44 55 12
44 56 229
44 57 213
44 58 254
44 59 34
44 60 237
44 61 91
44 62 34
44 63 141
44 64 299
44 65 129
44 66 45
44 67 18
44 68 32
44 69 92
44 70 47
44 71 289
44 72 230
44 73 200
44 74 241
44 75 67
44 76 92
44 77 89
44 78 165
44 79 254
44 80 134
44 81 43
44 82 18
44 83 265
44 84 145
44 85 167
44 86 259
44 87 291
44 88 265
44 89 170
44 90 20
44 91 255
44 92 84
44 93 94
44 94 33
44 95 274
44 96 187
44 97 197
44 98 67
44 99 207
44 100 244
44 101 30
44 102 265
44 103 33
44 104 69
44 105 27
44 106 91
44 107 202
44 108 103
44 109 81
44 110 14
44 111 97
44 112 134
44 113 68
44 114 157
44 115 53
44 116 163
44 117 282
44 118 90
44 119 292
44 120 27
45 46 35
45 47 260
45 48 67
45 49 254
45 50 33
45 51 284
45 52 251
45 53 59
45 54 59
45 55 50
45 56 233
45 57 47
45 58 269
45 59 55
45 60 19
45 61 15
45 62 124
45 63 82
45 64 124
45 65 266
45 66 236
45 67 179
45 68 99
45 69 180
45 70 99
45 71 96
45 72 259
45 73 77
45 74 282
45 75 187
45 76 172
45 77 134
45 78 23
45 79 103
45 80 32
45 81 70
45 82 166
45 83 152
45 84 178
45 85 26
45 86 163
45 87 28
45 88 120
45 89 181
45 90 222
45 91 210
45 92 144
45 93 259
45 94 228
45 95 118
45 96 232
45 97 166
45 98 205
45 99 36
45 100 235
45 101 220
45 102 243
45 103 70
45 104 111
45 105 28
45 106 146
45 107 107
45 108 26
45 109 286
45 110 147
45 111 177
45 112 209
45 113 166
45 114 139
45 115 239
45 116 63
45 117 123
45 118 62
45 119 161
45 120 84
46 47 55
46 48 103
46 49 131
46 50 231
46 51 255
46 52 108
46 53 151
46 54 235
46 55 76
46 56 179
46 57 283
46 58 266
46 59 94
46 60 125
46 61 287
46 62 78
46 63 288
46 64 286
46 65 91
46 66 122
46 67 49
46 68 64
46 69 225
46 70 43
46 71 141
46 72 224
46 73 22
46 74 81
46 75 294
46 76 91
46 77 191
46 78 194
46 79 128
46 80 233
46 81 73
46 82 97
46 83 260
46 84 78
46 85 226
46 86 66
46 87 73
46 88 123
46 89 222
46 90 147
46 91 170
46 92 219
46 93 19
46 94 174
46 95 115
46 96 236
46 97 49
46 98 62
46 99 98
46 100 290
46 101 199
46 102 109
46 103 114
46 104 217
46 105 140
46 106 106
46 107 260
46 108 299
46 109 255
46 110 108
46 111 161
46 112 48
46 113 166
46 114 286
46 115 64
46 116 300
46 117 300
46 118 125
46 119 217
46 120 153
47 48 139
47 49 46
47 50 159
47 51 233
47 52 189
47 53 12
47 54 37
47 55 104
47 56 102
47 57 269
47 58 174
47 59 273
47 60 155
47 61 167
47 62 251
47 63 283
47 64 52
47 65 48
47 66 136
47 67 276
47 68 126
47 69 207
47 70 59
47 71 226
47 72 44
47 73 72
47 74 175
47 75 17
47 76 159
47 77 263
47 78 80
47 79 208
47 80 93
47 81 284
47 82 221
47 83 242
47 84 60
47 85 276
47 86 260
47 87 287
47 88 59
47 89 158
47 90 185
47 91 72
47 92 124
47 93 272
47 94 12
47 95 147
47 96 24
47 97 193
47 98 258
47 99 112
47 100 94
47 101 161
47 102 47
47 103 203
47 104 34
47 105 72
47 106 255
47 107 152
47 108 213
47 109 209
47 110 67
47 111 270
47 112 52
47 113 282
47 114 247
47 115 50
47 116 120
47 117 57
47 118 133
47 119 65
47 120 216
48 49 10
48 50 87
48 51 29
48 52 91
48 53 292
48 54 124
48 55 143
48 56 176
48 57 111
48 58 140
48 59 131
48 60 250
48 61 89
48 62 29
48 63 29
48 64 290
48 65 208
48 66 239
48 67 79
48 68 34
48 69 240
48 70 292
48 71 146
48 72 124
48 73 37
48 74 14
48 75 209
48 76 208
48 77 90
48 78 83
48 79 207
48 80 212
48 81 38
48 82 188
48 83 188
48 84 111
48 85 247
48 86 260
48 87 130
48 88 297
48 89 73
48 90 137
48 91 283
48 92 68
48 93 135
48 94 292
48 95 149
48 96 241
48 97 137
48 98 98
48 99 250
48 100 26
48 101 48
48 102 38
48 103 90
48 104 103
48 105 140
48 106 236
48 107 44
48 108 253
48 109 21
48 110 285
48 111 45
48 112 242
48 113 181
48 114 251
48 115 102
48 116 152
48 117 193
48 118 109
48 119 40
48 120 11
49 50 193
49 51 174
49 52 65
49 53 240
49 54 121
49 55 101
49 56 159
49 57 198
49 58 226
49 59 298
49 60 60
49 61 155
49 62 208
49 63 191
49 64 16
49 65 164
49 66 139
49 67 172
49 68 55
49 69 177
49 70 74
49 71 239
49 72 217
49 73 26
49 74 133
49 75 226
49 76 196
49 77 218
49 78 133
49 79 117
49 80 28
49 81 149
49 82 178
49 83 96
49 84 118
49 85 54
49 86 171
49 87 125
49 88 129
49 89 14
49 90 262
49 91 71
49 92 181
49 93 196
49 94 161
49 95 44
49 96 162
49 97 130
49 98 67
49 99 212
49 100 213
49 101 92
49 102 199
49 103 12
49 104 298
49 105 277
49 106 214
49 107 265
49 108 273
49 109 261
49 110 130
49 111 74
49 112 30
49 113 165
49 114 163
49 115 61
49 116 112
49 117 61
49 118 231
49 119 203
49 120 90
50 51 199
50 52 257
50 53 230
50 54 170
50 55 89
50 56 145
50 57 12
50 58 61
50 59 119
50 60 92
50 61 87
50 62 127
50 63 139
50 64 167
50 65 205
50 66 115
50 67 76
50 68 27
50 69 93
50 70 34
50 71 269
50 72 266
50 73 170
50 74 102
50 75 162
50 76 202
50 77 221
50 78 201
50 79 105
50 80 13
50 81 201
50 82 225
50 83 136
50 84 11
50 85 140
50 86 168
50 87 263
50 88 145
50 89 238
50 90 23
50 91 186
50 92 180
50 93 272
50 94 189
50 95 144
50 96 57
50 97 223
50 98 193
50 99 72
50 100 115
50 101 30
50 102 176
50 103 153
50 104 159
50 105 116
50 106 40
50 107 86
50 108 281
50 109 121
50 110 199
50 111 239
50 112 116
50 113 229
50 114 197
50 115 208
50 116 299
50 117 280
50 118 23
50 119 45
50 120 222
51 52 215
51 53 111
51 54 240
51 55 53
51 56 146
51 57 252
51 58 92
51 59 208
51 60 120
51 61 275
51 62 132
51 63 285
51 64 65
51 65 286
51 66 18
51 67 153
51 68 48
51 69 166
51 70 133
51 71 174
51 72 102
51 73 211
51 74 28
51 75 65
51 76 125
51 77 112
51 78 281
51 79 74
51 80 274
51 81 73
51 82 122
51 83 279
51 84 270
51 85 240
51 86 200
51 87 277
51 88 246
51 89 176
51 90 298
51 91 81
51 92 142
51 93 288
51 94 97
51 95 60
51 96 195
51 97 194
51 98 122
51 99 18
51 100 142
51 101 121
51 102 214
51 103 219
51 104 75
51 105 259
51 106 20
51 107 211
51 108 62
51 109 287
51 110 86
51 111 117
51 112 45
51 113 238
51 114 247
51 115 125
51 116 278
51 117 182
51 118 265
51 119 79
51 120 148
52 53 163
52 54 74
52 55 287
52 56 78
52 57 262
52 58 231
52 59 161
52 60 198
52 61 176
52 62 170
52 63 67
52 64 22
52 65 83
52 66 53
52 67 148
52 68 276
52 69 258
52 70 297
52 71 22
52 72 153
52 73 70
52 74 14
52 75 101
52 76 187
52 77 261
52 78 54
52 79 139
52 80 224
52 81 250
52 82 286
52 83 299
52 84 168
52 85 129
52 86 279
52 87 251
52 88 213
52 89 105
52 90 133
52 91 82
52 92 146
52 93 150
52 94 13
52 95 144
52 96 204
52 97 143
52 98 225
52 99 87
52 100 300
52 101 239
52 102 52
52 103 297
52 104 58
52 105 67
52 106 159
52 107 50
52 108 175
52 109 295
52 110 146
52 111 56
52 112 260
52 113 276
52 114 120
52 115 230
52 116 151
52 117 291
52 118 219
52 119 31
52 120 175
53 54 122
53 55 122
53 56 208
53 57 209
53 58 195
53 59 232
53 60 289
53 61 187
53 62 49
53 63 192
53 64 248
53 65 141
53 66 144
53 67 79
53 68 42
53 69 110
53 70 233
53 71 38
53 72 243
53 73 25
53 74 98
53 75 167
53 76 138
53 77 204
53 78 95
53 79 200
53 80 280
53 81 121
53 82 77
53 83 251
53 84 53
53 85 113
53 86 76
53 87 234
53 88 209
53 89 70
53 90 11
53 91 111
53 92 128
53 93 187
53 94 59
53 95 28
53 96 19
53 97 97
53 98 39
53 99 68
53 100 31
53 101 33
53 102 155
53 103 112
53 104 181
53 105 63
53 106 71
53 107 16
53 108 11
53 109 167
53 110 104
53 111 221
53 112 157
53 113 102
53 114 134
53 115 165
53 116 242
53 117 214
53 118 68
53 119 289
53 120 86
54 55 89
54 56 202
54 57 141
54 58 204
54 59 232
54 60 15
54 61 73
54 62 80
54 63 289
54 64 185
54 65 10
54 66 187
54 67 162
54 68 85
54 69 279
54 70 82
54 71 231
54 72 78
54 73 220
54 74 66
54 75 161
54 76 298
54 77 113
54 78 258
54 79 54
54 80 295
54 81 292
54 82 107
54 83 175
54 84 274
54 85 97
54 86 158
54 87 136
54 88 183
54 89 280
54 90 78
54 91 212
54 92 51
54 93 94
54 94 41
54 95 81
54 96 67
54 97 122
54 98 239
54 99 127
54 100 218
54 101 255
54 102 97
54 103 248
54 104 149
54 105 104
54 106 141
54 107 44
54 108 251
54 109 58
54 110 120
54 111 23
54 112 24
54 113 130
54 114 19
54 115 186
54 116 17
54 117 147
54 118 217
54 119 99
54 120 78
55 56 38
55 57 251
55 58 22
55 59 189
55 60 247
55 61 239
55 62 102
55 63 166
55 64 171
55 65 247
55 66 254
55 67 160
55 68 178
55 69 138
55 70 117
55 71 83
55 72 26
55 73 287
55 74 158
55 75 276
55 76 199
55 77 212
55 78 19
55 79 287
55 80 254
55 81 176
55 82 245
55 83 24
55 84 299
55 85 122
55 86 233
55 87 122
55 88 249
55 89 22
55 90 237
55 91 293
55 92 77
55 93 25
55 94 69
55 95 34
55 96 148
55 97 111
55 98 268
55 99 267
55 100 115
55 101 162
55 102 268
55 103 41
55 104 129
55 105 97
55 106 297
55 107 83
55 108 10
55 109 267
55 110 136
55 111 42
55 112 80
55 113 108
55 114 260
55 115 222
55 116 94
55 117 141
55 118 17
55 119 99
55 120 116
56 57 252
56 58 50
56 59 177
56 60 87
56 61 171
56 62 64
56 63 121
56 64 240
56 65 24
56 66 275
56 67 65
56 68 137
56 69 129
56 70 261
56 71 167
56 72 28
56 73 154
56 74 201
56 75 18
56 76 122
56 77 259
56 78 132
56 79 244
56 80 218
56 81 125
56 82 147
56 83 88
56 84 271
56 85 27
56 86 46
56 87 256
56 88 110
56 89 232
56 90 194
56 91 143
56 92 258
56 93 187
56 94 143
56 95 159
56 96 157
56 97 57
56 98 47
56 99 209
56 100 133
56 101 223
56 102 197
56 103 268
56 104 36
56 105 195
56 106 197
56 107 155
56 108 257
56 109 183
56 110 246
56 111 198
56 112 15
56 113 89
56 114 238
56 115 187
56 116 31
56 117 59
56 118 171
56 119 197
56 120 30
57 58 178
57 59 278
57 60 65
57 61 70
57 62 160
57 63 295
57 64 173
57 65 202
57 66 281
57 67 73
57 68 21
57 69 31
57 70 136
57 71 161
57 72 114
57 73 76
57 74 48
57 75 155
57 76 52
57 77 71
57 78 213
57 79 274
57 80 203
57 81 146
57 82 101
57 83 200
57 84 263
57 85 128
57 86 266
57 87 192
57 88 289
57 89 152
57 90 82
57 91 72
57 92 76
57 93 38
57 94 219
57 95 137
57 96 158
57 97 222
57 98 29
57 99 194
57 100 130
57 101 124
57 102 276
57 103 133
57 104 161
57 105 196
57 106 74
57 107 59
57 108 119
57 109 106
57 110 128
57 111 260
57 112 120
57 113 142
57 114 17
57 115 129
57 116 211
57 117 177
57 118 108
57 119 243
57 120 69
58 59 114
58 60 298
58 61 74
58 62 65
58 63 114
58 64 81
58 65 148
58 66 283
58 67 198
58 68 168
58 69 295
58 70 270
58 71 150
58 72 71
58 73 186
58 74 150
58 75 162
58 76 69
58 77 264
58 78 175
58 79 156
58 80 264
58 81 121
58 82 127
58 83 134
58 84 118
58 85 94
58 86 125
58 87 67
58 88 226
58 89 154
58 90 104
58 91 154
58 92 47
58 93 73
58 94 152
58 95 143
58 96 276
58 97 31
58 98 297
58 99 277
58 100 107
58 101 68
58 102 265
58 103 282
58 104 147
58 105 122
58 106 181
58 107 45
58 108 45
58 109 68
58 110 160
58 111 155
58 112 229
58 113 182
58 114 215
58 115 50
58 116 188
58 117 18
58 118 141
58 119 68
58 120 255
59 60 97
59 61 205
59 62 62
59 63 271
59 64 200
59 65 94
59 66 215
59 67 259
59 68 162
59 69 263
59 70 199
59 71 112
59 72 131
59 73 298
59 74 273
59 75 78
59 76 215
59 77 206
59 78 208
59 79 64
59 80 187
59 81 227
59 82 164
59 83 227
59 84 133
59 85 132
59 86 297
59 87 41
59 88 172
59 89 175
59 90 169
59 91 70
59 92 275
59 93 233
59 94 111
59 95 72
59 96 178
59 97 95
59 98 124
59 99 215
59 100 16
59 101 224
59 102 26
59 103 73
59 104 140
59 105 33
59 106 208
59 107 256
59 108 144
59 109 147
59 110 200
59 111 25
59 112 125
59 113 179
59 114 256
59 115 131
59 116 157
59 117 120
59 118 38
59 119 191
59 120 213
60 61 191
60 62 145
60 63 146
60 64 72
60 65 132
60 66 68
60 67 129
60 68 56
60 69 31
60 70 43
60 71 187
60 72 176
60 73 29
60 74 289
60 75 15
60 76 165
60 77 140
60 78 252
60 79 48
60 80 254
60 81 157
60 82 115
60 83 287
60 84 25
60 85 79
60 86 272
60 87 236
60 88 72
60 89 99
60 90 178
60 91 220
60 92 141
60 93 166
60 94 289
60 95 56
60 96 21
60 97 191
60 98 243
60 99 110
60 100 91
60 101 42
60 102 106
60 103 97
60 104 281
60 105 38
60 106 181
60 107 238
60 108 276
60 109 161
60 110 45
60 111 259
60 112 90
60 113 292
60 114 39
60 115 286
60 116 11
60 117 258
60 118 45
60 119 73
60 120 143
61 62 202
61 63 228
61 64 10
61 65 136
61 66 70
61 67 74
61 68 191
61 69 237
61 70 50
61 71 134
61 72 208
61 73 37
61 74 300
61 75 31
61 76 294
61 77 91
61 78 135
61 79 72
61 80 196
61 81 287
61 82 176
61 83 12
61 84 79
61 85 173
61 86 243
61 87 229
61 88 212
61 89 23
61 90 105
61 91 201
61 92 121
61 93 274
61 94 155
61 95 82
61 96 241
61 97 264
61 98 101
61 99 247
61 100 208
61 101 17
61 102 55
61 103 147
61 104 103
61 105 222
61 106 214
61 107 292
61 108 273
61 109 271
61 110 117
61 111 45
61 112 125
61 113 106
61 114 41
61 115 21
61 116 194
61 117 201
61 118 110
61 119 278
61 120 60
62 63 185
62 64 155
62 65 284
62 66 126
62 67 230
62 68 203
62 69 248
62 70 103
62 71 250
62 72 181
62 73 115
62 74 43
62 75 48
62 76 63
62 77 148
62 78 59
62 79 52
62 80 111
62 81 42
62 82 111
62 83 269
62 84 286
62 85 288
62 86 257
62 87 157
62 88 49
62 89 140
62 90 198
62 91 225
62 92 160
62 93 80
62 94 278
62 95 138
62 96 134
62 97 208
62 98 168
62 99 184
62 100 146
62 101 166
62 102 228
62 103 38
62 104 263
62 105 77
62 106 216
62 107 26
62 108 191
62 109 28
62 110 92
62 111 204
62 112 295
62 113 271
62 114 239
62 115 233
62 116 225
62 117 265
62 118 86
62 119 81
62 120 21
63 64 179
63 65 288
63 66 197
63 67 118
63 68 298
63 69 144
63 70 144
63 71 147
63 72 107
63 73 151
63 74 81
63 75 266
63 76 119
63 77 28
63 78 175
63 79 54
63 80 179
63 81 49
63 82 230
63 83 64
63 84 133
63 85 248
63 86 240
63 87 54
63 88 245
63 89 216
63 90 23
63 91 164
63 92 37
63 93 263
63 94 20
63 95 106
63 96 90
63 97 75
63 98 81
63 99 77
63 100 50
63 101 126
63 102 204
63 103 265
63 104 134
63 105 54
63 106 181
63 107 204
63 108 252
63 109 47
63 110 29
63 111 107
63 112 250
63 113 106
63 114 61
63 115 242
63 116 14
63 117 121
63 118 245
63 119 209
63 120 53
64 65 183
64 66 88
64 67 67
64 68 23
64 69 178
64 70 231
64 71 196
64 72 16
64 73 157
64 74 255
64 75 266
64 76 106
64 77 298
64 78 262
64 79 207
64 80 120
64 81 105
64 82 183
64 83 50
64 84 179
64 85 262
64 86 46
64 87 53
64 88 126
64 89 232
64 90 153
64 91 88
64 92 110
64 93 32
64 94 171
64 95 270
64 96 223
64 97 92
64 98 204
64 99 21
64 100 64
64 101 155
64 102 114
64 103 33
64 104 280
64 105 275
64 106 286
64 107 37
64 108 13
64 109 92
64 110 115
64 111 118
64 112 149
64 113 228
64 114 105
64 115 217
64 116 140
64 117 155
64 118 114
64 119 296
64 120 85
65 66 300
65 67 32
65 68 72
65 69 146
65 70 266
65 71 148
65 72 206
65 73 60
65 74 294
65 75 265
65 76 32
65 77 11
65 78 226
65 79 19
65 80 169
65 81 40
65 82 159
65 83 114
65 84 154
65 85 285
65 86 165
65 87 47
65 88 194
65 89 234
65 90 80
65 91 23
65 92 144
65 93 293
65 94 37
65 95 274
65 96 207
65 97 152
65 98 195
65 99 292
65 100 136
65 101 126
65 102 145
65 103 276
65 104 38
65 105 112
65 106 109
65 107 122
65 108 35
65 109 160
65 110 218
65 111 238
65 112 25
65 113 287
65 114 150
65 115 88
65 116 264
65 117 295
65 118 182
65 119 138
65 120 127
66 67 296
66 68 286
66 69 19
66 70 143
66 71 78
66 72 238
66 73 19
66 74 148
66 75 205
66 76 179
66 77 218
66 78 89
66 79 166
66 80 18
66 81 158
66 82 128
66 83 234
66 84 277
66 85 135
66 86 246
66 87 218
66 88 266
66 89 190
66 90 41
66 91 22
66 92 21
66 93 144
66 94 220
66 95 223
66 96 75
66 97 13
66 98 229
66 99 271
66 100 32
66 101 136
66 102 237
66 103 203
66 104 247
66 105 179
66 106 183
66 107 98
66 108 45
66 109 11
66 110 81
66 111 241
66 112 105
66 113 240
66 114 243
66 115 264
66 116 54
66 117 22
66 118 118
66 119 49
66 120 170
67 68 180
67 69 53
67 70 109
67 71 35
67 72 164
67 73 220
67 74 293
67 75 135
67 76 29
67 77 112
67 78 11
67 79 291
67 80 49
67 81 271
67 82 13
67 83 188
67 84 108
67 85 150
67 86 78
67 87 149
67 88 96
67 89 179
67 90 235
67 91 113
67 92 297
67 93 135
67 94 14
67 95 285
67 96 157
67 97 268
67 98 185
67 99 299
67 100 186
67 101 12
67 102 63
67 103 150
67 104 163
67 105 61
67 106 271
67 107 87
67 108 257
67 109 127
67 110 262
67 111 117
67 112 285
67 113 235
67 114 239
67 115 215
67 116 17
67 117 271
67 118 293
67 119 128
67 120 99
68 69 127
68 70 272
68 71 205
68 72 34
68 73 106
68 74 290
68 75 52
68 76 18
68 77 194
68 78 54
68 79 27
68 80 177
68 81 218
68 82 283
68 83 278
68 84 96
68 85 210
68 86 33
68 87 43
68 88 185
68 89 154
68 90 274
68 91 20
68 92 295
68 93 164
68 94 275
68 95 238
68 96 193
68 97 216
68 98 127
68 99 45
68 100 199
68 101 38
68 102 180
68 103 109
68 104 231
68 105 275
68 106 94
68 107 94
68 108 65
68 109 48
68 110 203
68 111 216
68 112 22
68 113 230
68 114 223
68 115 173
68 116 51
68 117 243
68 118 22
68 119 271
68 120 231
69 70 37
69 71 77
69 72 168
69 73 29
69 74 119
69 75 55
69 76 217
69 77 151
69 78 239
69 79 273
69 80 264
69 81 132
69 82 252
69 83 123
69 84 182
69 85 285
69 86 206
69 87 15
69 88 11
69 89 72
69 90 239
69 91 107
69 92 30
69 93 80
69 94 272
69 95 219
69 96 299
69 97 220
69 98 213
69 99 16
69 100 65
69 101 14
69 102 138
69 103 218
69 104 166
69 105 179
69 106 178
69 107 191
69 108 140
69 109 283
69 110 218
69 111 222
69 112 270
69 113 197
69 114 220
69 115 109
69 116 205
69 117 223
69 118 260
69 119 24
69 120 132
70 71 89
70 72 90
70 73 229
70 74 55
70 75 110
70 76 109
70 77 27
70 78 231
70 79 147
70 80 129
70 81 258
70 82 70
70 83 91
70 84 137
70 85 131
70 86 190
70 87 194
70 88 144
70 89 74
70 90 254
70 91 222
70 92 76
70 93 177
70 94 12
70 95 260
70 96 185
70 97 94
70 98 134
70 99 161
70 100 205
70 101 133
70 102 234
70 103 277
70 104 195
70 105 32
70 106 260
70 107 177
70 108 80
70 109 70
70 110 28
70 111 274
70 112 275
70 113 201
70 114 84
70 115 121
70 116 298
70 117 73
70 118 257
70 119 242
70 120 197
71 72 138
71 73 72
71 74 52
71 75 58
71 76 30
71 77 284
71 78 179
71 79 19
71 80 11
71 81 292
71 82 86
71 83 63
71 84 198
71 85 58
71 86 120
71 87 56
71 88 105
71 89 45
71 90 220
71 91 104
71 92 78
71 93 296
71 94 239
71 95 86
71 96 241
71 97 259
71 98 59
71 99 270
71 100 254
71 101 222
71 102 38
71 103 41
71 104 251
71 105 136
71 106 109
71 107 246
71 108 83
71 109 247
71 110 251
71 111 225
71 112 208
71 113 278
71 114 140
71 115 54
71 116 183
71 117 155
71 118 155
71 119 164
71 120 266
72 73 103
72 74 104
72 75 91
72 76 295
72 77 187
72 78 105
72 79 45
72 80 61
72 81 228
72 82 79
72 83 66
72 84 233
72 85 211
72 86 42
72 87 233
72 88 266
72 89 124
72 90 256
72 91 77
72 92 21
72 93 165
72 94 140
72 95 70
72 96 273
72 97 206
72 98 184
72 99 192
72 100 56
72 101 251
72 102 259
72 103 31
72 104 166
72 105 265
72 106 289
72 107 160
72 108 193
72 109 256
72 110 217
72 111 285
72 112 113
72 113 157
72 114 77
72 115 157
72 116 80
72 117 273
72 118 112
72 119 148
72 120 96
73 74 133
73 75 118
73 76 235
73 77 296
73 78 297
73 79 25
73 80 111
73 81 13
73 82 220
73 83 215
73 84 226
73 85 112
73 86 101
73 87 284
73 88 28
73 89 171
73 90 151
73 91 208
73 92 246
73 93 32
73 94 174
73 95 196
73 96 153
73 97 263
73 98 111
73 99 257
73 100 229
73 101 171
73 102 101
73 103 277
73 104 12
73 105 251
73 106 259
73 107 134
73 108 272
73 109 245
73 110 273
73 111 227
73 112 210
73 113 11
73 114 151
73 115 215
73 116 23
73 117 176
73 118 42
73 119 89
73 120 25
74 75 210
74 76 217
74 77 218
74 78 64
74 79 105
74 80 160
74 81 101
74 82 66
74 83 100
74 84 143
74 85 259
74 86 20
74 87 184
74 88 81
74 89 192
74 90 183
74 91 47
74 92 124
74 93 224
74 94 295
74 95 235
74 96 55
74 97 239
74 98 18
74 99 272
74 100 86
74 101 75
74 102 237
74 103 191
74 104 40
74 105 299
74 106 224
74 107 157
74 108 210
74 109 171
74 110 141
74 111 164
74 112 271
74 113 15
74 114 115
74 115 30
74 116 208
74 117 172
74 118 153
74 119 286
74 120 277
75 76 267
75 77 113
75 78 165
75 79 204
75 80 68
75 81 51
75 82 103
75 83 15
75 84 242
75 85 30
75 86 102
75 87 105
75 88 68
75 89 262
75 90 103
75 91 135
75 92 100
75 93 73
75 94 44
75 95 290
75 96 274
75 97 261
75 98 144
75 99 12
75 100 214
75 101 291
75 102 193
75 103 52
75 104 239
75 105 88
75 106 245
75 107 45
75 108 210
75 109 215
75 110 193
75 111 19
75 112 86
75 113 151
75 114 63
75 115 232
75 116 59
75 117 111
75 118 206
75 119 221
75 120 162
76 77 95
76 78 68
76 79 76
76 80 118
76 81 296
76 82 75
76 83 169
76 84 96
76 85 142
76 86 151
76 87 81
76 88 10
76 89 195
76 90 186
76 91 217
76 92 104
76 93 225
76 94 89
76 95 50
76 96 229
76 97 25
76 98 101
76 99 192
76 100 159
76 101 214
76 102 278
76 103 181
76 104 73
76 105 63
76 106 25
76 107 293
76 108 77
76 109 104
76 110 189
76 111 217
76 112 168
76 113 103
76 114 237
76 115 237
76 116 141
76 117 183
76 118 111
76 119 226
76 120 255
77 78 265
77 79 179
77 80 25
77 81 276
77 82 177
77 83 41
77 84 274
77 85 100
77 86 207
77 87 94
77 88 170
77 89 194
77 90 141
77 91 245
77 92 145
77 93 156
77 94 252
77 95 217
77 96 107
77 97 261
77 98 284
77 99 183
77 100 121
77 101 225
77 102 40
77 103 142
77 104 17
77 105 18
77 106 118
77 107 155
77 108 183
77 109 44
77 110 36
77 111 15
77 112 174
77 113 255
77 114 52
77 115 103
77 116 77
77 117 65
77 118 58
77 119 143
77 120 73
78 79 295
78 80 67
78 81 28
78 82 108
78 83 198
78 84 200
78 85 82
78 86 202
78 87 19
78 88 275
78 89 26
78 90 43
78 91 122
78 92 193
78 93 270
78 94 55
78 95 60
78 96 294
78 97 186
78 98 148
78 99 283
78 100 23
78 101 95
78 102 287
78 103 201
78 104 188
78 105 40
78 106 235
78 107 225
78 108 122
78 109 88
78 110 217
78 111 138
78 112 115
78 113 121
78 114 43
78 115 175
78 116 164
78 117 257
78 118 129
78 119 88
78 120 238
79 80 21
79 81 289
79 82 133
79 83 28
79 84 109
79 85 153
79 86 64
79 87 23
79 88 95
79 89 278
79 90 220
79 91 252
79 92 278
79 93 88
79 94 256
79 95 223
79 96 154
79 97 186
79 98 282
79 99 250
79 100 234
79 101 154
79 102 141
79 103 182
79 104 235
79 105 255
79 106 15
79 107 289
79 108 54
79 109 288
79 110 289
79 111 212
79 112 138
79 113 105
79 114 144
79 115 29
79 116 248
79 117 49
79 118 249
79 119 184
79 120 199
80 81 140
80 82 24
80 83 71
80 84 106
80 85 133
80 86 59
80 87 20
80 88 21
80 89 54
80 90 58
80 91 222
80 92 203
80 93 221
80 94 122
80 95 163
80 96 55
80 97 11
80 98 47
80 99 29
80 100 242
80 101 207
80 102 137
80 103 244
80 104 97
80 105 23
80 106 110
80 107 276
80 108 132
80 109 225
80 110 42
80 111 227
80 112 204
80 113 116
80 114 292
80 115 23
80 116 83
80 117 141
80 118 201
80 119 76
80 120 161
81 82 217
81 83 146
81 84 231
81 85 162
81 86 238
81 87 240
81 88 252
81 89 298
81 90 186
81 91 93
81 92 49
81 93 18
81 94 94
81 95 278
81 96 220
81 97 28
81 98 260
81 99 248
81 100 185
81 101 257
81 102 172
81 103 245
81 104 227
81 105 226
81 106 125
81 107 185
81 108 225
81 109 56
81 110 157
81 111 210
81 112 299
81 113 188
81 114 115
81 115 123
81 116 80
81 117 81
81 118 139
81 119 291
81 120 226
82 83 62
82 84 199
82 85 244
82 86 215
82 87 207
82 88 161
82 89 262
82 90 108
82 91 151
82 92 213
82 93 99
82 94 36
82 95 41
82 96 11
82 97 212
82 98 261
82 99 12
82 100 250
82 101 294
82 102 247
82 103 167
82 104 213
82 105 171
82 106 146
82 107 258
82 108 176
82 109 38
82 110 98
82 111 153
82 112 17
82 113 85
82 114 243
82 115 110
82 116 50
82 117 182
82 118 138
82 119 69
82 120 112
83 84 168
83 85 89
83 86 189
83 87 138
83 88 215
83 89 93
83 90 185
83 91 161
83 92 238
83 93 36
83 94 63
83 95 111
83 96 22
83 97 258
83 98 173
83 99 213
83 100 240
83 101 295
83 102 48
83 103 286
83 104 89
83 105 117
83 106 213
83 107 278
83 108 105
83 109 142
83 110 67
83 111 99
83 112 275
83 113 138
83 114 184
83 115 64
83 116 50
83 117 67
83 118 253
83 119 299
83 120 172
84 85 264
84 86 282
84 87 259
84 88 159
84 89 104
84 90 129
84 91 223
84 92 93
84 93 213
84 94 82
84 95 109
84 96 79
84 97 265
84 98 128
84 99 83
84 100 122
84 101 49
84 102 166
84 103 55
84 104 292
84 105 109
84 106 42
84 107 78
84 108 300
84 109 244
84 110 221
84 111 235
84 112 101
84 113 78
84 114 89
84 115 274
84 116 281
84 117 247
84 118 67
84 119 88
84 120 287
85 86 175
85 87 66
85 88 202
85 89 259
85 90 88
85 91 280
85 92 156
85 93 117
85 94 88
85 95 167
85 96 266
85 97 107
85 98 241
85 99 219
85 100 23
85 101 101
85 102 248
85 103 262
85 104 243
85 105 113
85 106 219
85 107 115
85 108 39
85 109 210
85 110 108
85 111 147
85 112 143
85 113 62
85 114 15
85 115 173
85 116 67
85 117 41
85 118 127
85 119 28
85 120 191
86 87 79
86 88 99
86 89 98
86 90 42
86 91 132
86 92 25
86 93 189
86 94 206
86 95 257
86 96 56
86 97 236
86 98 127
86 99 84
86 100 184
86 101 87
86 102 282
86 103 284
86 104 152
86 105 287
86 106 107
86 107 65
86 108 133
86 109 63
86 110 259
86 111 109
86 112 219
86 113 111
86 114 31
86 115 95
86 116 74
86 117 238
86 118 166
86 119 38
86 120 104
87 88 58
87 89 258
87 90 195
87 91 36
87 92 295
87 93 160
87 94 55
87 95 248
87 96 250
87 97 85
87 98 110
87 99 174
87 100 147
87 101 71
87 102 223
87 103 158
87 104 79
87 105 96
87 106 279
87 107 143
87 108 14
87 109 171
87 110 134
87 111 148
87 112 35
87 113 173
87 114 187
87 115 163
87 116 196
87 117 116
87 118 190
87 119 29
87 120 112
88 89 220
88 90 106
88 91 280
88 92 167
88 93 132
88 94 55
88 95 200
88 96 66
88 97 81
88 98 85
88 99 300
88 100 247
88 101 62
88 102 98
88 103 263
88 104 142
88 105 268
88 106 19
88 107 73
88 108 285
88 109 56
88 110 241
88 111 10
88 112 287
88 113 95
88 114 98
88 115 113
88 116 42
88 117 273
88 118 173
88 119 228
88 120 261
89 90 153
89 91 97
89 92 251
89 93 255
89 94 185
89 95 106
89 96 214
89 97 233
89 98 99
89 99 128
89 100 159
89 101 138
89 102 222
89 103 237
89 104 95
89 105 34
89 106 24
89 107 296
89 108 68
89 109 208
89 110 83
89 111 56
89 112 275
89 113 223
89 114 221
89 115 64
89 116 263
89 117 184
89 118 226
89 119 84
89 120 217
90 91 237
90 92 222
90 93 183
90 94 291
90 95 14
90 96 206
90 97 147
90 98 29
90 99 181
90 100 240
90 101 31
90 102 198
90 103 291
90 104 14
90 105 18
90 106 43
90 107 124
90 108 271
90 109 125
90 110 297
90 111 129
90 112 17
90 113 95
90 114 227
90 115 204
90 116 208
90 117 46
90 118 49
90 119 123
90 120 266
91 92 151
91 93 237
91 94 163
91 95 272
91 96 75
91 97 283
91 98 63
91 99 69
91 100 17
91 101 280
91 102 66
91 103 223
91 104 41
91 105 237
91 106 76
91 107 217
91 108 44
91 109 221
91 110 295
91 111 236
91 112 239
91 113 215
91 114 222
91 115 131
91 116 56
91 117 84
91 118 32
91 119 113
91 120 127
92 93 267
92 94 90
92 95 131
92 96 297
92 97 14
92 98 184
92 99 48
92 100 277
92 101 168
92 102 231
92 103 58
92 104 231
92 105 159
92 106 251
92 107 244
92 108 124
92 109 57
92 110 85
92 111 111
92 112 45
92 113 254
92 114 296
92 115 180
92 116 200
92 117 252
92 118 292
92 119 83
92 120 101
93 94 181
93 95 105
93 96 266
93 97 70
93 98 34
93 99 222
93 100 20
93 101 185
93 102 96
93 103 214
93 104 96
93 105 145
93 106 106
93 107 15
93 108 294
93 109 203
93 110 53
93 111 203
93 112 21
93 113 284
93 114 191
93 115 76
93 116 255
93 117 201
93 118 106
93 119 168
93 120 144
94 95 68
94 96 201
94 97 299
94 98 205
94 99 175
94 100 73
94 101 79
94 102 260
94 103 292
94 104 78
94 105 63
94 106 74
94 107 165
94 108 41
94 109 115
94 110 155
94 111 82
94 112 44
94 113 287
94 114 213
94 115 100
94 116 107
94 117 232
94 118 290
94 119 37
94 120 280
95 96 227
95 97 213
95 98 64
95 99 262
95 100 37
95 101 239
95 102 54
95 103 127
95 104 57
95 105 282
95 106 147
95 107 237
95 108 259
95 109 185
95 110 146
95 111 245
95 112 275
95 113 159
95 114 169
95 115 127
95 116 160
95 117 254
95 118 297
95 119 261
95 120 173
96 97 199
96 98 25
96 99 216
96 100 88
96 101 38
96 102 55
96 103 201
96 104 111
96 105 237
96 106 169
96 107 79
96 108 199
96 109 250
96 110 20
96 111 107
96 112 194
96 113 260
96 114 157
96 115 279
96 116 273
96 117 137
96 118 90
96 119 187
96 120 47
97 98 166
97 99 154
97 100 126
97 101 95
97 102 259
97 103 121
97 104 88
97 105 215
97 106 91
97 107 159
97 108 257
97 109 176
97 110 51
97 111 255
97 112 50
97 113 119
97 114 278
97 115 106
97 116 199
97 117 82
97 118 94
97 119 39
97 120 264
98 99 33
98 100 299
98 101 119
98 102 14
98 103 240
98 104 238
98 105 120
98 106 180
98 107 109
98 108 113
98 109 197
98 110 265
98 111 62
98 112 182
98 113 24
98 114 68
98 115 167
98 116 136
98 117 238
98 118 299
98 119 251
98 120 274
99 100 17
99 101 146
99 102 201
99 103 148
99 104 57
99 105 214
99 106 261
99 107 219
99 108 171
99 109 205
99 110 116
99 111 85
99 112 89
99 113 164
99 114 42
99 115 209
99 116 257
99 117 28
99 118 27
99 119 198
99 120 247
100 101 44
100 102 298
100 103 50
100 104 23
100 105 155
100 106 289
100 107 132
100 108 56
100 109 167
100 110 138
100 111 190
100 112 107
100 113 179
100 114 51
100 115 102
100 116 73
100 117 22
100 118 173
100 119 263
100 120 254
101 102 170
101 103 138
101 104 34
101 105 53
101 106 25
101 107 163
101 108 59
101 109 151
101 110 105
101 111 200
101 112 138
101 113 57
101 114 256
101 115 43
101 116 164
101 117 110
101 118 151
101 119 135
101 120 168
102 103 13
102 104 114
102 105 84
102 106 272
102 107 254
102 108 200
102 109 96
102 110 44
102 111 124
102 112 26
102 113 107
102 114 122
102 115 123
102 116 256
102 117 174
102 118 138
102 119 15
102 120 26
103 104 30
103 105 284
103 106 243
103 107 180
103 108 145
103 109 199
103 110 259
103 111 168
103 112 173
103 113 99
103 114 218
103 115 61
103 116 34
103 117 64
103 118 256
103 119 71
103 120 180
104 105 156
104 106 47
104 107 110
104 108 136
104 109 254
104 110 61
104 111 64
104 112 38
104 113 238
104 114 203
104 115 69
104 116 297
104 117 299
104 118 89
104 119 169
104 120 268
105 106 42
105 107 291
105 108 30
105 109 171
105 110 86
105 111 251
105 112 112
105 113 202
105 114 50
105 115 134
105 116 129
105 117 189
105 118 240
105 119 212
105 120 144
106 107 214
106 108 105
106 109 119
106 110 244
106 111 24
106 112 170
106 113 139
106 114 274
106 115 164
106 116 237
106 117 256
106 118 74
106 119 166
106 120 193
107 108 105
107 109 292
107 110 31
107 111 65
107 112 173
107 113 124
107 114 104
107 115 205
107 116 251
107 117 125
107 118 190
107 119 289
107 120 280
108 109 70
108 110 245
108 111 224
108 112 225
108 113 220
108 114 263
108 115 75
108 116 124
108 117 36
108 118 190
108 119 18
108 120 207
109 110 197
109 111 150
109 112 129
109 113 87
109 114 293
109 115 280
109 116 267
109 117 259
109 118 217
109 119 209
109 120 192
110 111 245
110 112 146
110 113 33
110 114 237
110 115 34
110 116 82
110 117 160
110 118 124
110 119 177
110 120 116
111 112 23
111 113 253
111 114 227
111 115 209
111 116 64
111 117 283
111 118 140
111 119 242
111 120 285
112 113 190
112 114 285
112 115 36
112 116 243
112 117 137
112 118 209
112 119 95
112 120 242
113 114 119
113 115 59
113 116 147
113 117 224
113 118 211
113 119 128
113 120 274
114 115 42
114 116 127
114 117 90
114 118 68
114 119 290
114 120 222
115 116 120
115 117 139
115 118 231
115 119 294
115 120 75
116 117 101
116 118 291
116 119 282
116 120 282
117 118 195
117 119 241
117 120 69
118 119 178
118 120 85
119 120 14
