100   4950
200
88 154 80 96 86 154 129 128 38 42 155 64 130 119 111 38 60 196 131 57 127 162 175 160 119 50 161 59 47 59 169 115 118 196 84 56 77 104 163 112 62 144 177 187 170 133 185 82 167 109 183 120 101 87 192 64 56 53 107 139 74 45 137 195 72 189 104 85 111 117 161 150 184 75 131 156 37 167 85 63 178 146 58 120 105 34 172 168 116 48 193 177 126 193 169 65 188 181 180 1 2 220
1 3 17
1 4 175
1 5 244
1 6 242
1 7 289
1 8 193
1 9 67
1 10 153
1 11 179
1 12 160
1 13 10
1 14 209
1 15 236
1 16 204
1 17 140
1 18 238
1 19 129
1 20 52
1 21 34
1 22 158
1 23 248
1 24 273
1 25 177
1 26 292
1 27 158
1 28 91
1 29 41
1 30 171
1 31 37
1 32 155
1 33 234
1 34 156
1 35 72
1 36 128
1 37 78
1 38 257
1 39 299
1 40 115
1 41 292
1 42 193
1 43 169
1 44 74
1 45 288
1 46 75
1 47 136
1 48 227
1 49 240
1 50 77
1 51 295
1 52 149
1 53 189
1 54 155
1 55 249
1 56 100
1 57 242
1 58 203
1 59 276
1 60 216
1 61 259
1 62 116
1 63 69
1 64 46
1 65 141
1 66 137
1 67 40
1 68 99
1 69 104
1 70 154
1 71 72
1 72 103
1 73 197
1 74 87
1 75 78
1 76 201
1 77 154
1 78 299
1 79 101
1 80 63
1 81 256
1 82 262
1 83 244
1 84 221
1 85 85
1 86 191
1 87 158
1 88 79
1 89 166
1 90 110
1 91 44
1 92 73
1 93 27
1 94 141
1 95 73
1 96 152
1 97 175
1 98 23
1 99 176
1 100 144
2 3 60
2 4 153
2 5 283
2 6 83
2 7 274
2 8 18
2 9 271
2 10 277
2 11 215
2 12 284
2 13 186
2 14 158
2 15 99
2 16 226
2 17 126
2 18 24
2 19 190
2 20 80
2 21 137
2 22 194
2 23 111
2 24 191
2 25 102
2 26 228
2 27 37
2 28 232
2 29 256
2 30 43
2 31 221
2 32 15
2 33 158
2 34 258
2 35 25
2 36 266
2 37 91
2 38 124
2 39 185
2 40 133
2 41 281
2 42 237
2 43 225
2 44 122
2 45 62
2 46 177
2 47 258
2 48 59
2 49 284
2 50 109
2 51 108
2 52 16
2 53 180
2 54 101
2 55 83
2 56 228
2 57 114
2 58 79
2 59 231
2 60 102
2 61 143
2 62 157
2 63 279
2 64 264
2 65 75
2 66 37
2 67 59
2 68 213
2 69 199
2 70 166
2 71 114
2 72 37
2 73 227
2 74 130
2 75 148
2 76 192
2 77 205
2 78 101
2 79 44
2 80 186
2 81 247
2 82 77
2 83 275
2 84 78
2 85 177
2 86 82
2 87 271
2 88 283
2 89 210
2 90 297
2 91 18
2 92 236
2 93 284
2 94 148
2 95 135
2 96 24
2 97 247
2 98 128
2 99 139
2 100 40
3 4 149
3 5 153
3 6 35
3 7 160
3 8 130
3 9 261
3 10 48
3 11 175
3 12 189
3 13 113
3 14 82
3 15 45
3 16 263
3 17 30
3 18 186
3 19 223
3 20 112
3 21 277
3 22 65
3 23 128
3 24 173
3 25 205
3 26 296
3 27 104
3 28 293
3 29 94
3 30 31
3 31 50
3 32 84
3 33 189
3 34 173
3 35 244
3 36 277
3 37 186
3 38 117
3 39 168
3 40 107
3 41 226
3 42 18
3 43 52
3 44 282
3 45 264
3 46 32
3 47 41
3 48 39
3 49 97
3 50 162
3 51 181
3 52 93
3 53 53
3 54 222
3 55 139
3 56 255
3 57 297
3 58 252
3 59 140
3 60 249
3 61 59
3 62 254
3 63 267
3 64 28
3 65 59
3 66 88
3 67 88
3 68 154
3 69 159
3 70 211
3 71 235
3 72 39
3 73 190
3 74 147
3 75 186
3 76 15
3 77 120
3 78 235
3 79 70
3 80 296
3 81 211
3 82 210
3 83 89
3 84 153
3 85 15
3 86 256
3 87 103
3 88 149
3 89 277
3 90 178
3 91 189
3 92 132
3 93 82
3 94 76
3 95 291
3 96 228
3 97 105
3 98 216
3 99 242
3 100 151
4 5 196
4 6 142
4 7 256
4 8 238
4 9 291
4 10 58
4 11 178
4 12 224
4 13 98
4 14 203
4 15 259
4 16 201
4 17 128
4 18 282
4 19 194
4 20 209
4 21 188
4 22 107
4 23 87
4 24 71
4 25 59
4 26 66
4 27 19
4 28 32
4 29 112
4 30 20
4 31 139
4 32 241
4 33 233
4 34 243
4 35 145
4 36 156
4 37 165
4 38 176
4 39 91
4 40 146
4 41 140
4 42 105
4 43 157
4 44 254
4 45 116
4 46 193
4 47 150
4 48 113
4 49 211
4 50 143
4 51 129
4 52 258
4 53 119
4 54 184
4 55 113
4 56 249
4 57 168
4 58 171
4 59 42
4 60 36
4 61 164
4 62 200
4 63 241
4 64 165
4 65 253
4 66 80
4 67 150
4 68 264
4 69 10
4 70 249
4 71 14
4 72 127
4 73 109
4 74 137
4 75 48
4 76 56
4 77 111
4 78 117
4 79 68
4 80 70
4 81 106
4 82 125
4 83 80
4 84 103
4 85 20
4 86 278
4 87 241
4 88 186
4 89 214
4 90 183
4 91 175
4 92 124
4 93 187
4 94 211
4 95 132
4 96 35
4 97 63
4 98 35
4 99 30
4 100 201
5 6 42
5 7 188
5 8 270
5 9 228
5 10 252
5 11 213
5 12 95
5 13 173
5 14 117
5 15 295
5 16 242
5 17 108
5 18 121
5 19 255
5 20 194
5 21 182
5 22 197
5 23 273
5 24 231
5 25 27
5 26 281
5 27 15
5 28 90
5 29 75
5 30 137
5 31 193
5 32 20
5 33 103
5 34 125
5 35 39
5 36 15
5 37 218
5 38 246
5 39 226
5 40 156
5 41 209
5 42 71
5 43 259
5 44 28
5 45 188
5 46 266
5 47 108
5 48 108
5 49 125
5 50 230
5 51 146
5 52 24
5 53 177
5 54 201
5 55 231
5 56 165
5 57 107
5 58 283
5 59 269
5 60 28
5 61 180
5 62 261
5 63 123
5 64 29
5 65 227
5 66 53
5 67 273
5 68 181
5 69 132
5 70 267
5 71 44
5 72 30
5 73 221
5 74 69
5 75 257
5 76 243
5 77 181
5 78 11
5 79 46
5 80 80
5 81 48
5 82 187
5 83 139
5 84 299
5 85 109
5 86 228
5 87 166
5 88 226
5 89 63
5 90 105
5 91 116
5 92 262
5 93 236
5 94 252
5 95 100
5 96 201
5 97 28
5 98 198
5 99 257
5 100 180
6 7 181
6 8 241
6 9 77
6 10 166
6 11 277
6 12 212
6 13 20
6 14 241
6 15 261
6 16 300
6 17 249
6 18 30
6 19 97
6 20 166
6 21 22
6 22 185
6 23 158
6 24 97
6 25 107
6 26 36
6 27 66
6 28 49
6 29 159
6 30 158
6 31 42
6 32 162
6 33 174
6 34 98
6 35 142
6 36 292
6 37 20
6 38 225
6 39 86
6 40 11
6 41 102
6 42 141
6 43 271
6 44 299
6 45 186
6 46 233
6 47 180
6 48 211
6 49 220
6 50 97
6 51 18
6 52 178
6 53 260
6 54 63
6 55 48
6 56 19
6 57 261
6 58 159
6 59 45
6 60 125
6 61 75
6 62 185
6 63 261
6 64 229
6 65 278
6 66 60
6 67 255
6 68 19
6 69 215
6 70 152
6 71 229
6 72 279
6 73 177
6 74 21
6 75 68
6 76 266
6 77 288
6 78 261
6 79 65
6 80 20
6 81 80
6 82 109
6 83 194
6 84 255
6 85 141
6 86 253
6 87 64
6 88 109
6 89 38
6 90 154
6 91 214
6 92 74
6 93 235
6 94 132
6 95 201
6 96 63
6 97 59
6 98 66
6 99 54
6 100 208
7 8 94
7 9 278
7 10 78
7 11 269
7 12 245
7 13 81
7 14 66
7 15 14
7 16 165
7 17 11
7 18 120
7 19 27
7 20 164
7 21 251
7 22 196
7 23 105
7 24 264
7 25 180
7 26 289
7 27 56
7 28 222
7 29 263
7 30 267
7 31 128
7 32 112
7 33 52
7 34 85
7 35 59
7 36 241
7 37 276
7 38 190
7 39 213
7 40 252
7 41 182
7 42 210
7 43 226
7 44 277
7 45 99
7 46 194
7 47 299
7 48 159
7 49 100
7 50 213
7 51 207
7 52 221
7 53 11
7 54 179
7 55 23
7 56 210
7 57 262
7 58 241
7 59 212
7 60 10
7 61 163
7 62 189
7 63 219
7 64 16
7 65 118
7 66 266
7 67 39
7 68 203
7 69 20
7 70 157
7 71 92
7 72 206
7 73 146
7 74 237
7 75 228
7 76 230
7 77 102
7 78 136
7 79 186
7 80 76
7 81 279
7 82 50
7 83 206
7 84 233
7 85 167
7 86 23
7 87 281
7 88 241
7 89 144
7 90 129
7 91 209
7 92 205
7 93 63
7 94 191
7 95 13
7 96 15
7 97 189
7 98 115
7 99 160
7 100 126
8 9 106
8 10 204
8 11 173
8 12 120
8 13 123
8 14 287
8 15 211
8 16 75
8 17 44
8 18 163
8 19 79
8 20 201
8 21 187
8 22 192
8 23 242
8 24 207
8 25 25
8 26 263
8 27 183
8 28 123
8 29 48
8 30 41
8 31 215
8 32 78
8 33 291
8 34 171
8 35 213
8 36 76
8 37 92
8 38 295
8 39 139
8 40 108
8 41 178
8 42 117
8 43 18
8 44 127
8 45 197
8 46 299
8 47 34
8 48 239
8 49 164
8 50 76
8 51 252
8 52 190
8 53 254
8 54 172
8 55 221
8 56 220
8 57 241
8 58 32
8 59 109
8 60 242
8 61 198
8 62 168
8 63 195
8 64 107
8 65 27
8 66 189
8 67 91
8 68 242
8 69 173
8 70 53
8 71 133
8 72 274
8 73 115
8 74 214
8 75 221
8 76 244
8 77 56
8 78 190
8 79 118
8 80 100
8 81 79
8 82 268
8 83 115
8 84 49
8 85 91
8 86 97
8 87 167
8 88 75
8 89 235
8 90 244
8 91 57
8 92 47
8 93 189
8 94 12
8 95 88
8 96 160
8 97 184
8 98 15
8 99 132
8 100 235
9 10 98
9 11 92
9 12 213
9 13 212
9 14 245
9 15 162
9 16 20
9 17 35
9 18 31
9 19 63
9 20 12
9 21 156
9 22 26
9 23 57
9 24 124
9 25 205
9 26 42
9 27 135
9 28 149
9 29 273
9 30 137
9 31 83
9 32 56
9 33 164
9 34 101
9 35 13
9 36 56
9 37 257
9 38 64
9 39 59
9 40 161
9 41 161
9 42 274
9 43 75
9 44 218
9 45 49
9 46 90
9 47 37
9 48 112
9 49 149
9 50 25
9 51 126
9 52 213
9 53 287
9 54 100
9 55 249
9 56 258
9 57 116
9 58 35
9 59 61
9 60 267
9 61 232
9 62 194
9 63 77
9 64 138
9 65 189
9 66 244
9 67 198
9 68 209
9 69 188
9 70 171
9 71 24
9 72 56
9 73 214
9 74 26
9 75 78
9 76 52
9 77 274
9 78 43
9 79 173
9 80 210
9 81 151
9 82 183
9 83 271
9 84 90
9 85 54
9 86 88
9 87 272
9 88 226
9 89 110
9 90 114
9 91 147
9 92 118
9 93 126
9 94 296
9 95 189
9 96 88
9 97 140
9 98 167
9 99 175
9 100 177
10 11 256
10 12 52
10 13 165
10 14 94
10 15 31
10 16 40
10 17 227
10 18 115
10 19 64
10 20 73
10 21 75
10 22 49
10 23 128
10 24 174
10 25 93
10 26 288
10 27 41
10 28 87
10 29 91
10 30 95
10 31 270
10 32 234
10 33 44
10 34 277
10 35 109
10 36 108
10 37 300
10 38 181
10 39 112
10 40 215
10 41 254
10 42 20
10 43 21
10 44 229
10 45 269
10 46 87
10 47 36
10 48 21
10 49 41
10 50 204
10 51 16
10 52 197
10 53 114
10 54 232
10 55 226
10 56 262
10 57 126
10 58 296
10 59 285
10 60 186
10 61 243
10 62 143
10 63 156
10 64 174
10 65 118
10 66 141
10 67 252
10 68 138
10 69 125
10 70 107
10 71 199
10 72 280
10 73 197
10 74 35
10 75 69
10 76 128
10 77 196
10 78 103
10 79 192
10 80 52
10 81 126
10 82 132
10 83 130
10 84 141
10 85 260
10 86 138
10 87 231
10 88 133
10 89 224
10 90 153
10 91 104
10 92 300
10 93 239
10 94 237
10 95 260
10 96 99
10 97 256
10 98 226
10 99 242
10 100 152
11 12 293
11 13 293
11 14 205
11 15 266
11 16 56
11 17 56
11 18 185
11 19 210
11 20 232
11 21 279
11 22 278
11 23 265
11 24 241
11 25 20
11 26 100
11 27 110
11 28 258
11 29 228
11 30 64
11 31 22
11 32 70
11 33 71
11 34 225
11 35 186
11 36 249
11 37 208
11 38 119
11 39 287
11 40 47
11 41 198
11 42 279
11 43 141
11 44 296
11 45 80
11 46 241
11 47 69
11 48 183
11 49 180
11 50 25
11 51 294
11 52 49
11 53 102
11 54 177
11 55 162
11 56 139
11 57 144
11 58 286
11 59 257
11 60 191
11 61 67
11 62 185
11 63 253
11 64 112
11 65 262
11 66 294
11 67 265
11 68 157
11 69 226
11 70 55
11 71 177
11 72 234
11 73 122
11 74 10
11 75 249
11 76 69
11 77 226
11 78 104
11 79 196
11 80 150
11 81 283
11 82 70
11 83 207
11 84 225
11 85 231
11 86 150
11 87 257
11 88 190
11 89 239
11 90 216
11 91 250
11 92 68
11 93 152
11 94 183
11 95 292
11 96 249
11 97 199
11 98 60
11 99 159
11 100 46
12 13 175
12 14 176
12 15 59
12 16 36
12 17 20
12 18 100
12 19 163
12 20 18
12 21 178
12 22 59
12 23 222
12 24 221
12 25 22
12 26 116
12 27 95
12 28 228
12 29 149
12 30 283
12 31 284
12 32 145
12 33 46
12 34 164
12 35 10
12 36 195
12 37 157
12 38 22
12 39 108
12 40 273
12 41 172
12 42 145
12 43 15
12 44 61
12 45 290
12 46 229
12 47 14
12 48 66
12 49 47
12 50 212
12 51 73
12 52 82
12 53 106
12 54 107
12 55 267
12 56 204
12 57 113
12 58 260
12 59 109
12 60 212
12 61 255
12 62 217
12 63 247
12 64 29
12 65 113
12 66 178
12 67 217
12 68 279
12 69 197
12 70 274
12 71 263
12 72 218
12 73 134
12 74 267
12 75 46
12 76 299
12 77 260
12 78 281
12 79 178
12 80 269
12 81 279
12 82 60
12 83 85
12 84 263
12 85 182
12 86 218
12 87 294
12 88 195
12 89 263
12 90 220
12 91 80
12 92 221
12 93 113
12 94 300
12 95 198
12 96 238
12 97 143
12 98 206
12 99 76
12 100 231
13 14 79
13 15 213
13 16 16
13 17 79
13 18 18
13 19 103
13 20 238
13 21 19
13 22 102
13 23 168
13 24 130
13 25 15
13 26 222
13 27 140
13 28 213
13 29 84
13 30 75
13 31 179
13 32 89
13 33 244
13 34 255
13 35 245
13 36 139
13 37 55
13 38 300
13 39 186
13 40 201
13 41 168
13 42 297
13 43 229
13 44 19
13 45 195
13 46 195
13 47 268
13 48 70
13 49 130
13 50 241
13 51 155
13 52 279
13 53 238
13 54 238
13 55 137
13 56 62
13 57 44
13 58 142
13 59 104
13 60 281
13 61 288
13 62 195
13 63 50
13 64 254
13 65 15
13 66 193
13 67 248
13 68 189
13 69 102
13 70 99
13 71 30
13 72 300
13 73 110
13 74 224
13 75 182
13 76 82
13 77 152
13 78 202
13 79 159
13 80 190
13 81 260
13 82 42
13 83 35
13 84 175
13 85 286
13 86 61
13 87 205
13 88 186
13 89 141
13 90 274
13 91 152
13 92 13
13 93 120
13 94 107
13 95 205
13 96 246
13 97 273
13 98 27
13 99 278
13 100 189
14 15 140
14 16 209
14 17 96
14 18 29
14 19 228
14 20 201
14 21 200
14 22 183
14 23 173
14 24 24
14 25 208
14 26 74
14 27 169
14 28 74
14 29 21
14 30 45
14 31 163
14 32 201
14 33 89
14 34 104
14 35 296
14 36 31
14 37 209
14 38 34
14 39 242
14 40 168
14 41 137
14 42 167
14 43 64
14 44 287
14 45 224
14 46 53
14 47 80
14 48 191
14 49 88
14 50 271
14 51 85
14 52 254
14 53 127
14 54 280
14 55 100
14 56 122
14 57 158
14 58 153
14 59 297
14 60 268
14 61 208
14 62 85
14 63 242
14 64 65
14 65 225
14 66 78
14 67 139
14 68 112
14 69 255
14 70 25
14 71 64
14 72 276
14 73 40
14 74 234
14 75 268
14 76 62
14 77 145
14 78 91
14 79 261
14 80 240
14 81 33
14 82 275
14 83 281
14 84 292
14 85 219
14 86 211
14 87 289
14 88 89
14 89 134
14 90 49
14 91 278
14 92 293
14 93 110
14 94 12
14 95 102
14 96 175
14 97 171
14 98 97
14 99 91
14 100 165
15 16 252
15 17 279
15 18 272
15 19 164
15 20 217
15 21 78
15 22 26
15 23 289
15 24 173
15 25 85
15 26 261
15 27 181
15 28 227
15 29 225
15 30 254
15 31 161
15 32 10
15 33 37
15 34 294
15 35 76
15 36 152
15 37 192
15 38 128
15 39 190
15 40 89
15 41 97
15 42 92
15 43 27
15 44 105
15 45 49
15 46 128
15 47 17
15 48 20
15 49 213
15 50 201
15 51 300
15 52 74
15 53 114
15 54 44
15 55 169
15 56 147
15 57 49
15 58 237
15 59 189
15 60 217
15 61 188
15 62 113
15 63 197
15 64 253
15 65 120
15 66 201
15 67 227
15 68 209
15 69 107
15 70 20
15 71 202
15 72 268
15 73 259
15 74 243
15 75 229
15 76 273
15 77 226
15 78 118
15 79 276
15 80 110
15 81 49
15 82 196
15 83 15
15 84 284
15 85 30
15 86 18
15 87 31
15 88 231
15 89 136
15 90 26
15 91 286
15 92 270
15 93 262
15 94 70
15 95 205
15 96 183
15 97 43
15 98 195
15 99 168
15 100 115
16 17 151
16 18 137
16 19 13
16 20 234
16 21 230
16 22 134
16 23 283
16 24 275
16 25 89
16 26 15
16 27 259
16 28 84
16 29 250
16 30 260
16 31 250
16 32 211
16 33 167
16 34 137
16 35 241
16 36 50
16 37 11
16 38 201
16 39 277
16 40 261
16 41 197
16 42 280
16 43 293
16 44 57
16 45 117
16 46 184
16 47 294
16 48 193
16 49 19
16 50 277
16 51 239
16 52 112
16 53 209
16 54 215
16 55 161
16 56 238
16 57 24
16 58 91
16 59 246
16 60 242
16 61 48
16 62 195
16 63 113
16 64 113
16 65 182
16 66 74
16 67 244
16 68 228
16 69 217
16 70 193
16 71 164
16 72 35
16 73 112
16 74 278
16 75 183
16 76 108
16 77 176
16 78 66
16 79 50
16 80 102
16 81 50
16 82 24
16 83 41
16 84 96
16 85 215
16 86 283
16 87 182
16 88 106
16 89 130
16 90 30
16 91 264
16 92 261
16 93 35
16 94 125
16 95 236
16 96 278
16 97 214
16 98 177
16 99 226
16 100 163
17 18 40
17 19 95
17 20 215
17 21 59
17 22 207
17 23 293
17 24 217
17 25 199
17 26 142
17 27 62
17 28 50
17 29 82
17 30 19
17 31 15
17 32 222
17 33 270
17 34 74
17 35 249
17 36 100
17 37 296
17 38 174
17 39 205
17 40 49
17 41 221
17 42 174
17 43 95
17 44 116
17 45 246
17 46 284
17 47 174
17 48 110
17 49 150
17 50 111
17 51 84
17 52 249
17 53 265
17 54 297
17 55 270
17 56 99
17 57 252
17 58 71
17 59 181
17 60 273
17 61 21
17 62 133
17 63 74
17 64 111
17 65 14
17 66 26
17 67 106
17 68 261
17 69 146
17 70 210
17 71 21
17 72 125
17 73 81
17 74 97
17 75 188
17 76 94
17 77 153
17 78 38
17 79 121
17 80 235
17 81 199
17 82 215
17 83 51
17 84 109
17 85 255
17 86 161
17 87 286
17 88 219
17 89 228
17 90 232
17 91 66
17 92 110
17 93 82
17 94 242
17 95 80
17 96 294
17 97 137
17 98 247
17 99 154
17 100 28
18 19 53
18 20 75
18 21 280
18 22 274
18 23 234
18 24 37
18 25 34
18 26 111
18 27 45
18 28 189
18 29 10
18 30 28
18 31 102
18 32 141
18 33 222
18 34 163
18 35 265
18 36 293
18 37 64
18 38 95
18 39 129
18 40 241
18 41 249
18 42 43
18 43 272
18 44 299
18 45 235
18 46 134
18 47 241
18 48 292
18 49 227
18 50 85
18 51 86
18 52 177
18 53 287
18 54 147
18 55 168
18 56 162
18 57 269
18 58 118
18 59 87
18 60 61
18 61 47
18 62 271
18 63 162
18 64 88
18 65 114
18 66 138
18 67 197
18 68 187
18 69 86
18 70 153
18 71 244
18 72 179
18 73 146
18 74 137
18 75 118
18 76 204
18 77 63
18 78 218
18 79 122
18 80 29
18 81 94
18 82 163
18 83 156
18 84 255
18 85 185
18 86 297
18 87 60
18 88 61
18 89 200
18 90 123
18 91 121
18 92 70
18 93 220
18 94 103
18 95 176
18 96 110
18 97 64
18 98 103
18 99 69
18 100 259
19 20 86
19 21 32
19 22 17
19 23 174
19 24 224
19 25 203
19 26 246
19 27 88
19 28 275
19 29 159
19 30 97
19 31 278
19 32 279
19 33 96
19 34 299
19 35 45
19 36 31
19 37 265
19 38 116
19 39 280
19 40 45
19 41 292
19 42 291
19 43 65
19 44 92
19 45 270
19 46 28
19 47 31
19 48 165
19 49 288
19 50 251
19 51 224
19 52 289
19 53 172
19 54 296
19 55 147
19 56 98
19 57 49
19 58 14
19 59 133
19 60 107
19 61 54
19 62 91
19 63 298
19 64 118
19 65 154
19 66 35
19 67 97
19 68 63
19 69 33
19 70 298
19 71 287
19 72 190
19 73 275
19 74 182
19 75 292
19 76 163
19 77 112
19 78 231
19 79 43
19 80 37
19 81 171
19 82 80
19 83 228
19 84 204
19 85 184
19 86 163
19 87 164
19 88 160
19 89 149
19 90 58
19 91 129
19 92 81
19 93 173
19 94 31
19 95 114
19 96 272
19 97 88
19 98 253
19 99 87
19 100 127
20 21 38
20 22 280
20 23 46
20 24 204
20 25 42
20 26 161
20 27 28
20 28 110
20 29 114
20 30 37
20 31 20
20 32 290
20 33 112
20 34 173
20 35 163
20 36 106
20 37 29
20 38 101
20 39 294
20 40 52
20 41 24
20 42 54
20 43 222
20 44 155
20 45 32
20 46 70
20 47 211
20 48 158
20 49 159
20 50 209
20 51 100
20 52 218
20 53 292
20 54 240
20 55 269
20 56 158
20 57 192
20 58 73
20 59 76
20 60 208
20 61 193
20 62 263
20 63 22
20 64 32
20 65 223
20 66 199
20 67 127
20 68 65
20 69 66
20 70 260
20 71 154
20 72 268
20 73 260
20 74 27
20 75 68
20 76 107
20 77 278
20 78 48
20 79 254
20 80 260
20 81 181
20 82 111
20 83 104
20 84 251
20 85 207
20 86 241
20 87 115
20 88 163
20 89 152
20 90 214
20 91 282
20 92 70
20 93 208
20 94 279
20 95 108
20 96 80
20 97 85
20 98 189
20 99 17
20 100 233
21 22 80
21 23 244
21 24 136
21 25 239
21 26 106
21 27 268
21 28 37
21 29 26
21 30 65
21 31 18
21 32 206
21 33 172
21 34 279
21 35 123
21 36 245
21 37 123
21 38 186
21 39 156
21 40 280
21 41 94
21 42 31
21 43 24
21 44 178
21 45 102
21 46 188
21 47 269
21 48 283
21 49 97
21 50 12
21 51 229
21 52 285
21 53 23
21 54 157
21 55 189
21 56 275
21 57 255
21 58 163
21 59 80
21 60 124
21 61 138
21 62 77
21 63 252
21 64 59
21 65 262
21 66 46
21 67 30
21 68 34
21 69 137
21 70 16
21 71 146
21 72 186
21 73 219
21 74 23
21 75 139
21 76 268
21 77 53
21 78 83
21 79 150
21 80 89
21 81 136
21 82 84
21 83 293
21 84 92
21 85 33
21 86 50
21 87 77
21 88 168
21 89 171
21 90 153
21 91 256
21 92 99
21 93 189
21 94 163
21 95 146
21 96 11
21 97 140
21 98 273
21 99 163
21 100 254
22 23 136
22 24 224
22 25 252
22 26 279
22 27 149
22 28 257
22 29 298
22 30 153
22 31 73
22 32 76
22 33 147
22 34 25
22 35 95
22 36 231
22 37 219
22 38 215
22 39 17
22 40 286
22 41 120
22 42 167
22 43 24
22 44 133
22 45 297
22 46 268
22 47 90
22 48 214
22 49 232
22 50 18
22 51 195
22 52 27
22 53 227
22 54 128
22 55 211
22 56 259
22 57 285
22 58 285
22 59 69
22 60 263
22 61 74
22 62 52
22 63 179
22 64 39
22 65 209
22 66 260
22 67 224
22 68 112
22 69 257
22 70 32
22 71 171
22 72 143
22 73 111
22 74 132
22 75 269
22 76 58
22 77 60
22 78 199
22 79 44
22 80 275
22 81 204
22 82 19
22 83 233
22 84 128
22 85 57
22 86 183
22 87 53
22 88 173
22 89 181
22 90 208
22 91 181
22 92 181
22 93 286
22 94 71
22 95 86
22 96 59
22 97 225
22 98 259
22 99 294
22 100 136
23 24 38
23 25 148
23 26 99
23 27 80
23 28 85
23 29 92
23 30 50
23 31 42
23 32 151
23 33 125
23 34 73
23 35 57
23 36 114
23 37 228
23 38 289
23 39 19
23 40 180
23 41 223
23 42 121
23 43 53
23 44 17
23 45 264
23 46 155
23 47 116
23 48 201
23 49 67
23 50 60
23 51 186
23 52 267
23 53 299
23 54 37
23 55 158
23 56 87
23 57 273
23 58 231
23 59 157
23 60 94
23 61 284
23 62 117
23 63 66
23 64 100
23 65 283
23 66 254
23 67 299
23 68 116
23 69 63
23 70 270
23 71 206
23 72 56
23 73 132
23 74 138
23 75 116
23 76 271
23 77 196
23 78 270
23 79 272
23 80 66
23 81 280
23 82 180
23 83 29
23 84 244
23 85 237
23 86 56
23 87 233
23 88 180
23 89 195
23 90 32
23 91 165
23 92 164
23 93 100
23 94 70
23 95 168
23 96 187
23 97 38
23 98 124
23 99 163
23 100 65
24 25 262
24 26 183
24 27 79
24 28 103
24 29 212
24 30 16
24 31 181
24 32 211
24 33 156
24 34 167
24 35 97
24 36 218
24 37 212
24 38 210
24 39 132
24 40 77
24 41 241
24 42 126
24 43 119
24 44 41
24 45 267
24 46 275
24 47 57
24 48 48
24 49 23
24 50 112
24 51 102
24 52 81
24 53 249
24 54 262
24 55 18
24 56 224
24 57 59
24 58 224
24 59 268
24 60 275
24 61 284
24 62 17
24 63 264
24 64 46
24 65 106
24 66 180
24 67 206
24 68 105
24 69 99
24 70 84
24 71 278
24 72 83
24 73 214
24 74 23
24 75 258
24 76 41
24 77 273
24 78 166
24 79 199
24 80 226
24 81 143
24 82 179
24 83 36
24 84 257
24 85 124
24 86 207
24 87 86
24 88 211
24 89 158
24 90 120
24 91 153
24 92 162
24 93 109
24 94 23
24 95 283
24 96 134
24 97 239
24 98 188
24 99 292
24 100 244
25 26 208
25 27 122
25 28 293
25 29 265
25 30 138
25 31 29
25 32 232
25 33 81
25 34 229
25 35 138
25 36 262
25 37 115
25 38 164
25 39 249
25 40 224
25 41 30
25 42 108
25 43 42
25 44 178
25 45 134
25 46 176
25 47 63
25 48 202
25 49 148
25 50 26
25 51 269
25 52 36
25 53 71
25 54 139
25 55 220
25 56 19
25 57 236
25 58 68
25 59 270
25 60 22
25 61 61
25 62 24
25 63 248
25 64 244
25 65 40
25 66 214
25 67 270
25 68 219
25 69 187
25 70 19
25 71 184
25 72 271
25 73 103
25 74 155
25 75 216
25 76 207
25 77 250
25 78 176
25 79 219
25 80 28
25 81 163
25 82 276
25 83 24
25 84 155
25 85 261
25 86 273
25 87 264
25 88 93
25 89 169
25 90 72
25 91 43
25 92 23
25 93 83
25 94 52
25 95 87
25 96 280
25 97 89
25 98 35
25 99 209
25 100 254
26 27 272
26 28 59
26 29 272
26 30 173
26 31 19
26 32 74
26 33 139
26 34 233
26 35 170
26 36 34
26 37 214
26 38 245
26 39 214
26 40 40
26 41 43
26 42 185
26 43 258
26 44 135
26 45 167
26 46 267
26 47 196
26 48 198
26 49 265
26 50 43
26 51 88
26 52 27
26 53 264
26 54 254
26 55 27
26 56 81
26 57 26
26 58 39
26 59 50
26 60 212
26 61 190
26 62 161
26 63 85
26 64 63
26 65 84
26 66 176
26 67 101
26 68 64
26 69 119
26 70 152
26 71 92
26 72 177
26 73 231
26 74 106
26 75 241
26 76 181
26 77 207
26 78 189
26 79 59
26 80 55
26 81 67
26 82 60
26 83 49
26 84 261
26 85 177
26 86 201
26 87 35
26 88 209
26 89 53
26 90 87
26 91 134
26 92 132
26 93 155
26 94 12
26 95 167
26 96 54
26 97 156
26 98 144
26 99 136
26 100 32
27 28 92
27 29 45
27 30 140
27 31 101
27 32 268
27 33 207
27 34 237
27 35 238
27 36 17
27 37 197
27 38 28
27 39 134
27 40 44
27 41 169
27 42 118
27 43 221
27 44 114
27 45 154
27 46 198
27 47 176
27 48 216
27 49 269
27 50 45
27 51 218
27 52 212
27 53 122
27 54 15
27 55 290
27 56 228
27 57 245
27 58 137
27 59 168
27 60 116
27 61 259
27 62 268
27 63 238
27 64 70
27 65 136
27 66 241
27 67 96
27 68 110
27 69 191
27 70 164
27 71 21
27 72 136
27 73 142
27 74 275
27 75 110
27 76 166
27 77 278
27 78 31
27 79 100
27 80 222
27 81 46
27 82 69
27 83 61
27 84 92
27 85 100
27 86 205
27 87 88
27 88 162
27 89 280
27 90 40
27 91 10
27 92 154
27 93 30
27 94 241
27 95 76
27 96 98
27 97 126
27 98 155
27 99 203
27 100 268
28 29 20
28 30 285
28 31 28
28 32 291
28 33 119
28 34 147
28 35 22
28 36 182
28 37 239
28 38 86
28 39 216
28 40 237
28 41 148
28 42 235
28 43 134
28 44 177
28 45 241
28 46 71
28 47 246
28 48 53
28 49 130
28 50 12
28 51 274
28 52 142
28 53 73
28 54 114
28 55 269
28 56 112
28 57 280
28 58 26
28 59 282
28 60 283
28 61 233
28 62 298
28 63 210
28 64 61
28 65 19
28 66 218
28 67 43
28 68 210
28 69 277
28 70 281
28 71 253
28 72 90
28 73 215
28 74 218
28 75 214
28 76 298
28 77 180
28 78 193
28 79 174
28 80 21
28 81 23
28 82 56
28 83 145
28 84 100
28 85 248
28 86 276
28 87 30
28 88 188
28 89 50
28 90 293
28 91 154
28 92 210
28 93 42
28 94 34
28 95 299
28 96 187
28 97 113
28 98 91
28 99 191
28 100 276
29 30 135
29 31 129
29 32 238
29 33 28
29 34 78
29 35 277
29 36 92
29 37 231
29 38 160
29 39 298
29 40 61
29 41 48
29 42 256
29 43 196
29 44 184
29 45 19
29 46 266
29 47 272
29 48 279
29 49 123
29 50 249
29 51 17
29 52 245
29 53 292
29 54 291
29 55 69
29 56 90
29 57 109
29 58 234
29 59 144
29 60 168
29 61 288
29 62 221
29 63 18
29 64 69
29 65 205
29 66 176
29 67 55
29 68 21
29 69 104
29 70 271
29 71 80
29 72 213
29 73 185
29 74 206
29 75 79
29 76 173
29 77 148
29 78 216
29 79 12
29 80 143
29 81 258
29 82 71
29 83 165
29 84 216
29 85 281
29 86 55
29 87 191
29 88 36
29 89 293
29 90 216
29 91 189
29 92 266
29 93 18
29 94 29
29 95 54
29 96 219
29 97 220
29 98 110
29 99 159
29 100 62
30 31 98
30 32 98
30 33 157
30 34 223
30 35 142
30 36 13
30 37 128
30 38 91
30 39 265
30 40 135
30 41 99
30 42 59
30 43 274
30 44 138
30 45 272
30 46 267
30 47 273
30 48 141
30 49 282
30 50 54
30 51 240
30 52 75
30 53 299
30 54 296
30 55 128
30 56 171
30 57 269
30 58 280
30 59 232
30 60 62
30 61 203
30 62 178
30 63 282
30 64 245
30 65 27
30 66 176
30 67 23
30 68 187
30 69 64
30 70 72
30 71 41
30 72 249
30 73 279
30 74 201
30 75 65
30 76 174
30 77 43
30 78 150
30 79 270
30 80 201
30 81 283
30 82 60
30 83 205
30 84 38
30 85 60
30 86 103
30 87 239
30 88 178
30 89 194
30 90 81
30 91 229
30 92 46
30 93 142
30 94 216
30 95 166
30 96 250
30 97 163
30 98 263
30 99 175
30 100 294
31 32 87
31 33 152
31 34 278
31 35 243
31 36 232
31 37 163
31 38 108
31 39 197
31 40 114
31 41 205
31 42 169
31 43 269
31 44 126
31 45 69
31 46 292
31 47 202
31 48 219
31 49 206
31 50 240
31 51 28
31 52 215
31 53 260
31 54 263
31 55 207
31 56 276
31 57 78
31 58 34
31 59 271
31 60 145
31 61 265
31 62 120
31 63 261
31 64 64
31 65 42
31 66 238
31 67 94
31 68 213
31 69 113
31 70 47
31 71 89
31 72 94
31 73 80
31 74 136
31 75 39
31 76 42
31 77 110
31 78 81
31 79 66
31 80 133
31 81 99
31 82 206
31 83 277
31 84 276
31 85 75
31 86 213
31 87 205
31 88 135
31 89 11
31 90 35
31 91 283
31 92 123
31 93 73
31 94 65
31 95 98
31 96 279
31 97 135
31 98 227
31 99 167
31 100 106
32 33 123
32 34 285
32 35 246
32 36 254
32 37 115
32 38 171
32 39 171
32 40 226
32 41 100
32 42 158
32 43 35
32 44 66
32 45 118
32 46 178
32 47 75
32 48 193
32 49 178
32 50 291
32 51 66
32 52 270
32 53 159
32 54 268
32 55 26
32 56 164
32 57 281
32 58 164
32 59 269
32 60 244
32 61 195
32 62 117
32 63 50
32 64 82
32 65 43
32 66 84
32 67 231
32 68 75
32 69 132
32 70 143
32 71 180
32 72 104
32 73 167
32 74 137
32 75 230
32 76 270
32 77 213
32 78 223
32 79 26
32 80 17
32 81 150
32 82 23
32 83 12
32 84 276
32 85 110
32 86 232
32 87 18
32 88 102
32 89 227
32 90 184
32 91 124
32 92 10
32 93 159
32 94 241
32 95 109
32 96 201
32 97 96
32 98 184
32 99 157
32 100 116
33 34 224
33 35 15
33 36 222
33 37 29
33 38 112
33 39 286
33 40 100
33 41 205
33 42 239
33 43 228
33 44 18
33 45 26
33 46 202
33 47 139
33 48 123
33 49 296
33 50 262
33 51 292
33 52 190
33 53 200
33 54 245
33 55 21
33 56 198
33 57 286
33 58 292
33 59 122
33 60 25
33 61 118
33 62 119
33 63 203
33 64 103
33 65 254
33 66 99
33 67 121
33 68 232
33 69 270
33 70 100
33 71 263
33 72 80
33 73 220
33 74 239
33 75 177
33 76 99
33 77 174
33 78 237
33 79 106
33 80 49
33 81 32
33 82 266
33 83 224
33 84 194
33 85 263
33 86 115
33 87 43
33 88 127
33 89 214
33 90 53
33 91 180
33 92 248
33 93 269
33 94 95
33 95 43
33 96 119
33 97 26
33 98 280
33 99 209
33 100 40
34 35 40
34 36 63
34 37 124
34 38 246
34 39 247
34 40 300
34 41 30
34 42 49
34 43 290
34 44 14
34 45 192
34 46 76
34 47 79
34 48 278
34 49 53
34 50 180
34 51 133
34 52 222
34 53 200
34 54 237
34 55 217
34 56 300
34 57 109
34 58 24
34 59 92
34 60 175
34 61 39
34 62 180
34 63 83
34 64 268
34 65 170
34 66 228
34 67 289
34 68 191
34 69 211
34 70 228
34 71 290
34 72 255
34 73 111
34 74 251
34 75 25
34 76 274
34 77 147
34 78 114
34 79 266
34 80 83
34 81 300
34 82 38
34 83 68
34 84 62
34 85 106
34 86 31
34 87 32
34 88 149
34 89 159
34 90 101
34 91 188
34 92 223
34 93 36
34 94 248
34 95 258
34 96 87
34 97 276
34 98 210
34 99 208
34 100 215
35 36 205
35 37 45
35 38 214
35 39 260
35 40 293
35 41 36
35 42 230
35 43 244
35 44 60
35 45 57
35 46 147
35 47 126
35 48 225
35 49 131
35 50 14
35 51 34
35 52 13
35 53 67
35 54 297
35 55 49
35 56 39
35 57 218
35 58 99
35 59 160
35 60 168
35 61 15
35 62 43
35 63 299
35 64 144
35 65 109
35 66 238
35 67 279
35 68 107
35 69 243
35 70 272
35 71 127
35 72 142
35 73 65
35 74 13
35 75 128
35 76 158
35 77 221
35 78 50
35 79 157
35 80 159
35 81 130
35 82 124
35 83 178
35 84 54
35 85 41
35 86 285
35 87 236
35 88 80
35 89 250
35 90 57
35 91 292
35 92 123
35 93 236
35 94 46
35 95 244
35 96 123
35 97 161
35 98 25
35 99 248
35 100 273
36 37 35
36 38 119
36 39 44
36 40 51
36 41 158
36 42 111
36 43 223
36 44 145
36 45 133
36 46 107
36 47 264
36 48 285
36 49 134
36 50 102
36 51 102
36 52 153
36 53 14
36 54 86
36 55 193
36 56 65
36 57 64
36 58 249
36 59 246
36 60 117
36 61 32
36 62 282
36 63 244
36 64 22
36 65 224
36 66 99
36 67 133
36 68 152
36 69 264
36 70 128
36 71 192
36 72 291
36 73 35
36 74 221
36 75 88
36 76 28
36 77 10
36 78 197
36 79 278
36 80 189
36 81 111
36 82 95
36 83 135
36 84 24
36 85 11
36 86 296
36 87 240
36 88 167
36 89 224
36 90 201
36 91 20
36 92 139
36 93 24
36 94 235
36 95 37
36 96 232
36 97 264
36 98 195
36 99 55
36 100 127
37 38 218
37 39 191
37 40 101
37 41 262
37 42 278
37 43 223
37 44 141
37 45 63
37 46 197
37 47 61
37 48 91
37 49 291
37 50 287
37 51 17
37 52 195
37 53 224
37 54 209
37 55 264
37 56 127
37 57 60
37 58 260
37 59 49
37 60 69
37 61 126
37 62 117
37 63 92
37 64 208
37 65 124
37 66 195
37 67 117
37 68 44
37 69 219
37 70 22
37 71 93
37 72 244
37 73 236
37 74 119
37 75 138
37 76 91
37 77 259
37 78 276
37 79 298
37 80 32
37 81 213
37 82 188
37 83 280
37 84 176
37 85 165
37 86 100
37 87 268
37 88 91
37 89 242
37 90 138
37 91 11
37 92 238
37 93 142
37 94 263
37 95 196
37 96 266
37 97 260
37 98 217
37 99 104
37 100 17
38 39 299
38 40 141
38 41 164
38 42 89
38 43 89
38 44 296
38 45 104
38 46 282
38 47 36
38 48 201
38 49 255
38 50 242
38 51 223
38 52 142
38 53 71
38 54 97
38 55 278
38 56 190
38 57 232
38 58 65
38 59 59
38 60 107
38 61 164
38 62 166
38 63 252
38 64 268
38 65 270
38 66 221
38 67 253
38 68 222
38 69 132
38 70 180
38 71 297
38 72 257
38 73 176
38 74 211
38 75 297
38 76 114
38 77 121
38 78 118
38 79 142
38 80 48
38 81 87
38 82 76
38 83 47
38 84 286
38 85 35
38 86 154
38 87 32
38 88 158
38 89 77
38 90 239
38 91 105
38 92 55
38 93 53
38 94 110
38 95 39
38 96 84
38 97 55
38 98 294
38 99 138
38 100 104
39 40 274
39 41 99
39 42 159
39 43 24
39 44 272
39 45 21
39 46 175
39 47 157
39 48 192
39 49 277
39 50 190
39 51 182
39 52 216
39 53 89
39 54 83
39 55 216
39 56 233
39 57 279
39 58 187
39 59 299
39 60 115
39 61 216
39 62 282
39 63 166
39 64 97
39 65 267
39 66 30
39 67 125
39 68 22
39 69 231
39 70 69
39 71 147
39 72 80
39 73 273
39 74 190
39 75 21
39 76 107
39 77 146
39 78 229
39 79 137
39 80 211
39 81 159
39 82 96
39 83 258
39 84 63
39 85 36
39 86 279
39 87 215
39 88 158
39 89 99
39 90 135
39 91 265
39 92 146
39 93 165
39 94 257
39 95 122
39 96 27
39 97 236
39 98 240
39 99 104
39 100 283
40 41 54
40 42 54
40 43 46
40 44 160
40 45 57
40 46 231
40 47 176
40 48 199
40 49 169
40 50 94
40 51 155
40 52 37
40 53 237
40 54 67
40 55 300
40 56 27
40 57 247
40 58 296
40 59 41
40 60 92
40 61 261
40 62 219
40 63 206
40 64 149
40 65 49
40 66 201
40 67 211
40 68 66
40 69 283
40 70 255
40 71 213
40 72 40
40 73 269
40 74 287
40 75 109
40 76 53
40 77 129
40 78 231
40 79 86
40 80 217
40 81 129
40 82 21
40 83 276
40 84 256
40 85 142
40 86 116
40 87 145
40 88 194
40 89 127
40 90 60
40 91 119
40 92 143
40 93 270
40 94 161
40 95 250
40 96 280
40 97 221
40 98 75
40 99 249
40 100 233
41 42 130
41 43 25
41 44 136
41 45 29
41 46 229
41 47 20
41 48 78
41 49 77
41 50 119
41 51 194
41 52 284
41 53 143
41 54 244
41 55 37
41 56 156
41 57 80
41 58 275
41 59 182
41 60 77
41 61 161
41 62 32
41 63 144
41 64 132
41 65 154
41 66 71
41 67 217
41 68 290
41 69 270
41 70 83
41 71 17
41 72 143
41 73 292
41 74 266
41 75 115
41 76 235
41 77 169
41 78 74
41 79 45
41 80 217
41 81 126
41 82 229
41 83 199
41 84 142
41 85 81
41 86 227
41 87 110
41 88 233
41 89 111
41 90 220
41 91 79
41 92 254
41 93 66
41 94 133
41 95 190
41 96 246
41 97 122
41 98 141
41 99 49
41 100 47
42 43 44
42 44 229
42 45 221
42 46 173
42 47 110
42 48 185
42 49 41
42 50 230
42 51 83
42 52 285
42 53 43
42 54 114
42 55 85
42 56 185
42 57 180
42 58 69
42 59 189
42 60 221
42 61 32
42 62 227
42 63 157
42 64 172
42 65 80
42 66 191
42 67 203
42 68 232
42 69 88
42 70 281
42 71 14
42 72 48
42 73 291
42 74 261
42 75 207
42 76 95
42 77 37
42 78 45
42 79 21
42 80 14
42 81 279
42 82 200
42 83 206
42 84 13
42 85 180
42 86 172
42 87 273
42 88 273
42 89 99
42 90 78
42 91 47
42 92 134
42 93 118
42 94 232
42 95 212
42 96 147
42 97 95
42 98 32
42 99 299
42 100 130
43 44 48
43 45 245
43 46 188
43 47 96
43 48 173
43 49 129
43 50 293
43 51 126
43 52 285
43 53 266
43 54 279
43 55 26
43 56 248
43 57 131
43 58 255
43 59 18
43 60 247
43 61 10
43 62 59
43 63 103
43 64 89
43 65 161
43 66 140
43 67 123
43 68 35
43 69 249
43 70 48
43 71 92
43 72 86
43 73 149
43 74 237
43 75 67
43 76 11
43 77 86
43 78 42
43 79 280
43 80 169
43 81 122
43 82 97
43 83 289
43 84 236
43 85 120
43 86 50
43 87 177
43 88 279
43 89 223
43 90 170
43 91 214
43 92 37
43 93 16
43 94 132
43 95 107
43 96 177
43 97 251
43 98 119
43 99 27
43 100 38
44 45 33
44 46 134
44 47 190
44 48 112
44 49 155
44 50 218
44 51 258
44 52 192
44 53 296
44 54 43
44 55 80
44 56 43
44 57 164
44 58 83
44 59 178
44 60 182
44 61 261
44 62 23
44 63 62
44 64 185
44 65 239
44 66 47
44 67 99
44 68 115
44 69 257
44 70 199
44 71 176
44 72 134
44 73 20
44 74 147
44 75 173
44 76 230
44 77 252
44 78 231
44 79 117
44 80 203
44 81 190
44 82 283
44 83 270
44 84 292
44 85 89
44 86 114
44 87 180
44 88 210
44 89 183
44 90 159
44 91 82
44 92 245
44 93 168
44 94 168
44 95 125
44 96 185
44 97 110
44 98 77
44 99 52
44 100 112
45 46 13
45 47 64
45 48 71
45 49 16
45 50 283
45 51 223
45 52 65
45 53 173
45 54 104
45 55 186
45 56 58
45 57 242
45 58 79
45 59 144
45 60 54
45 61 68
45 62 67
45 63 138
45 64 83
45 65 294
45 66 298
45 67 20
45 68 167
45 69 286
45 70 159
45 71 77
45 72 43
45 73 137
45 74 49
45 75 75
45 76 181
45 77 90
45 78 285
45 79 235
45 80 282
45 81 221
45 82 239
45 83 76
45 84 236
45 85 18
45 86 299
45 87 249
45 88 61
45 89 270
45 90 35
45 91 23
45 92 58
45 93 25
45 94 163
45 95 105
45 96 272
45 97 113
45 98 246
45 99 109
45 100 125
46 47 188
46 48 26
46 49 260
46 50 142
46 51 275
46 52 227
46 53 217
46 54 137
46 55 243
46 56 85
46 57 30
46 58 175
46 59 270
46 60 112
46 61 86
46 62 195
46 63 55
46 64 291
46 65 152
46 66 11
46 67 85
46 68 74
46 69 47
46 70 43
46 71 65
46 72 54
46 73 269
46 74 177
46 75 189
46 76 56
46 77 259
46 78 19
46 79 240
46 80 278
46 81 29
46 82 174
46 83 10
46 84 186
46 85 127
46 86 84
46 87 80
46 88 245
46 89 165
46 90 127
46 91 105
46 92 152
46 93 285
46 94 146
46 95 48
46 96 149
46 97 37
46 98 238
46 99 125
46 100 233
47 48 243
47 49 148
47 50 180
47 51 217
47 52 64
47 53 134
47 54 136
47 55 45
47 56 18
47 57 258
47 58 185
47 59 93
47 60 59
47 61 293
47 62 171
47 63 258
47 64 212
47 65 177
47 66 190
47 67 90
47 68 51
47 69 191
47 70 129
47 71 52
47 72 290
47 73 190
47 74 260
47 75 48
47 76 118
47 77 271
47 78 249
47 79 207
47 80 235
47 81 109
47 82 276
47 83 41
47 84 57
47 85 154
47 86 107
47 87 72
47 88 265
47 89 118
47 90 79
47 91 267
47 92 65
47 93 237
47 94 185
47 95 81
47 96 62
47 97 260
47 98 254
47 99 219
47 100 125
48 49 144
48 50 136
48 51 79
48 52 12
48 53 241
48 54 31
48 55 64
48 56 160
48 57 41
48 58 167
48 59 277
48 60 266
48 61 31
48 62 196
48 63 170
48 64 220
48 65 69
48 66 244
48 67 31
48 68 18
48 69 19
48 70 87
48 71 250
48 72 285
48 73 48
48 74 155
48 75 155
48 76 134
48 77 210
48 78 128
48 79 193
48 80 190
48 81 61
48 82 23
48 83 85
48 84 59
48 85 91
48 86 42
48 87 248
48 88 286
48 89 193
48 90 233
48 91 291
48 92 121
48 93 177
48 94 205
48 95 250
48 96 294
48 97 220
48 98 211
48 99 40
48 100 148
49 50 179
49 51 133
49 52 84
49 53 51
49 54 101
49 55 95
49 56 35
49 57 155
49 58 283
49 59 287
49 60 73
49 61 12
49 62 192
49 63 163
49 64 162
49 65 26
49 66 142
49 67 254
49 68 113
49 69 165
49 70 116
49 71 134
49 72 15
49 73 278
49 74 239
49 75 37
49 76 106
49 77 44
49 78 201
49 79 258
49 80 32
49 81 211
49 82 48
49 83 261
49 84 174
49 85 228
49 86 276
49 87 295
49 88 246
49 89 62
49 90 231
49 91 22
49 92 90
49 93 133
49 94 214
49 95 71
49 96 294
49 97 10
49 98 47
49 99 95
49 100 211
50 51 179
50 52 105
50 53 166
50 54 41
50 55 175
50 56 51
50 57 151
50 58 113
50 59 189
50 60 73
50 61 182
50 62 104
50 63 218
50 64 158
50 65 92
50 66 164
50 67 201
50 68 100
50 69 96
50 70 205
50 71 132
50 72 215
50 73 283
50 74 114
50 75 194
50 76 275
50 77 112
50 78 214
50 79 73
50 80 185
50 81 160
50 82 247
50 83 153
50 84 220
50 85 110
50 86 233
50 87 176
50 88 206
50 89 202
50 90 170
50 91 96
50 92 106
50 93 162
50 94 197
50 95 61
50 96 107
50 97 49
50 98 68
50 99 127
50 100 214
51 52 52
51 53 33
51 54 26
51 55 206
51 56 162
51 57 162
51 58 86
51 59 237
51 60 19
51 61 44
51 62 93
51 63 148
51 64 230
51 65 145
51 66 13
51 67 118
51 68 24
51 69 208
51 70 202
51 71 223
51 72 194
51 73 223
51 74 298
51 75 251
51 76 173
51 77 145
51 78 83
51 79 80
51 80 153
51 81 39
51 82 160
51 83 190
51 84 150
51 85 49
51 86 176
51 87 195
51 88 283
51 89 281
51 90 131
51 91 78
51 92 261
51 93 276
51 94 215
51 95 163
51 96 230
51 97 66
51 98 152
51 99 11
51 100 46
52 53 173
52 54 41
52 55 29
52 56 45
52 57 129
52 58 102
52 59 18
52 60 281
52 61 282
52 62 44
52 63 192
52 64 259
52 65 282
52 66 288
52 67 195
52 68 184
52 69 232
52 70 103
52 71 78
52 72 123
52 73 31
52 74 253
52 75 23
52 76 49
52 77 258
52 78 220
52 79 294
52 80 12
52 81 215
52 82 287
52 83 110
52 84 65
52 85 102
52 86 148
52 87 159
52 88 20
52 89 207
52 90 142
52 91 21
52 92 94
52 93 119
52 94 108
52 95 179
52 96 104
52 97 25
52 98 129
52 99 98
52 100 273
53 54 195
53 55 255
53 56 59
53 57 205
53 58 24
53 59 217
53 60 252
53 61 196
53 62 125
53 63 208
53 64 49
53 65 93
53 66 28
53 67 289
53 68 231
53 69 221
53 70 227
53 71 263
53 72 175
53 73 165
53 74 24
53 75 177
53 76 236
53 77 152
53 78 13
53 79 133
53 80 66
53 81 66
53 82 81
53 83 118
53 84 60
53 85 19
53 86 19
53 87 226
53 88 12
53 89 197
53 90 94
53 91 174
53 92 26
53 93 147
53 94 261
53 95 88
53 96 14
53 97 204
53 98 103
53 99 137
53 100 190
54 55 175
54 56 138
54 57 72
54 58 240
54 59 65
54 60 185
54 61 192
54 62 181
54 63 158
54 64 278
54 65 84
54 66 225
54 67 269
54 68 253
54 69 192
54 70 84
54 71 198
54 72 191
54 73 239
54 74 268
54 75 16
54 76 176
54 77 78
54 78 261
54 79 284
54 80 45
54 81 293
54 82 41
54 83 28
54 84 67
54 85 226
54 86 57
54 87 52
54 88 31
54 89 155
54 90 216
54 91 201
54 92 219
54 93 26
54 94 279
54 95 256
54 96 92
54 97 122
54 98 20
54 99 44
54 100 12
55 56 43
55 57 255
55 58 250
55 59 91
55 60 256
55 61 265
55 62 178
55 63 158
55 64 125
55 65 57
55 66 13
55 67 228
55 68 37
55 69 295
55 70 195
55 71 215
55 72 176
55 73 142
55 74 16
55 75 144
55 76 239
55 77 190
55 78 124
55 79 110
55 80 224
55 81 28
55 82 152
55 83 12
55 84 176
55 85 106
55 86 63
55 87 216
55 88 247
55 89 235
55 90 189
55 91 138
55 92 137
55 93 198
55 94 131
55 95 39
55 96 255
55 97 110
55 98 63
55 99 95
55 100 210
56 57 183
56 58 290
56 59 81
56 60 55
56 61 294
56 62 117
56 63 86
56 64 163
56 65 126
56 66 79
56 67 253
56 68 99
56 69 220
56 70 218
56 71 212
56 72 248
56 73 19
56 74 241
56 75 55
56 76 144
56 77 141
56 78 133
56 79 52
56 80 251
56 81 244
56 82 94
56 83 177
56 84 211
56 85 200
56 86 253
56 87 109
56 88 78
56 89 96
56 90 278
56 91 82
56 92 260
56 93 167
56 94 299
56 95 149
56 96 170
56 97 44
56 98 219
56 99 154
56 100 287
57 58 236
57 59 125
57 60 77
57 61 148
57 62 154
57 63 297
57 64 299
57 65 249
57 66 58
57 67 290
57 68 146
57 69 182
57 70 265
57 71 129
57 72 236
57 73 206
57 74 279
57 75 188
57 76 185
57 77 295
57 78 252
57 79 229
57 80 252
57 81 260
57 82 115
57 83 69
57 84 80
57 85 280
57 86 95
57 87 261
57 88 84
57 89 219
57 90 278
57 91 94
57 92 284
57 93 277
57 94 299
57 95 113
57 96 84
57 97 171
57 98 264
57 99 50
57 100 110
58 59 156
58 60 219
58 61 281
58 62 115
58 63 185
58 64 167
58 65 125
58 66 191
58 67 140
58 68 56
58 69 142
58 70 106
58 71 248
58 72 220
58 73 63
58 74 134
58 75 28
58 76 260
58 77 132
58 78 134
58 79 289
58 80 196
58 81 222
58 82 294
58 83 28
58 84 230
58 85 295
58 86 102
58 87 163
58 88 134
58 89 105
58 90 216
58 91 99
58 92 186
58 93 170
58 94 203
58 95 116
58 96 12
58 97 44
58 98 18
58 99 62
58 100 61
59 60 30
59 61 57
59 62 221
59 63 206
59 64 284
59 65 289
59 66 213
59 67 244
59 68 126
59 69 123
59 70 132
59 71 256
59 72 69
59 73 108
59 74 72
59 75 156
59 76 167
59 77 36
59 78 190
59 79 156
59 80 22
59 81 116
59 82 179
59 83 198
59 84 275
59 85 254
59 86 170
59 87 126
59 88 218
59 89 53
59 90 136
59 91 204
59 92 194
59 93 277
59 94 159
59 95 71
59 96 28
59 97 16
59 98 96
59 99 188
59 100 282
60 61 283
60 62 100
60 63 243
60 64 31
60 65 210
60 66 250
60 67 227
60 68 113
60 69 244
60 70 76
60 71 217
60 72 226
60 73 80
60 74 101
60 75 138
60 76 38
60 77 177
60 78 285
60 79 124
60 80 255
60 81 176
60 82 18
60 83 16
60 84 298
60 85 53
60 86 186
60 87 181
60 88 205
60 89 95
60 90 182
60 91 12
60 92 245
60 93 70
60 94 145
60 95 63
60 96 129
60 97 196
60 98 141
60 99 102
60 100 48
61 62 298
61 63 12
61 64 228
61 65 104
61 66 232
61 67 230
61 68 145
61 69 108
61 70 56
61 71 228
61 72 165
61 73 13
61 74 167
61 75 65
61 76 27
61 77 293
61 78 84
61 79 61
61 80 31
61 81 246
61 82 174
61 83 82
61 84 48
61 85 233
61 86 75
61 87 212
61 88 122
61 89 99
61 90 245
61 91 194
61 92 209
61 93 132
61 94 217
61 95 112
61 96 44
61 97 238
61 98 176
61 99 83
61 100 232
62 63 159
62 64 192
62 65 291
62 66 187
62 67 252
62 68 172
62 69 167
62 70 25
62 71 172
62 72 24
62 73 278
62 74 185
62 75 258
62 76 207
62 77 44
62 78 178
62 79 161
62 80 185
62 81 88
62 82 96
62 83 107
62 84 203
62 85 38
62 86 193
62 87 264
62 88 291
62 89 18
62 90 222
62 91 285
62 92 13
62 93 166
62 94 169
62 95 134
62 96 14
62 97 80
62 98 268
62 99 166
62 100 186
63 64 101
63 65 132
63 66 276
63 67 104
63 68 12
63 69 13
63 70 288
63 71 79
63 72 214
63 73 22
63 74 152
63 75 256
63 76 132
63 77 179
63 78 43
63 79 290
63 80 192
63 81 111
63 82 60
63 83 266
63 84 162
63 85 86
63 86 78
63 87 101
63 88 287
63 89 159
63 90 46
63 91 163
63 92 79
63 93 134
63 94 120
63 95 23
63 96 291
63 97 83
63 98 59
63 99 31
63 100 61
64 65 209
64 66 54
64 67 136
64 68 300
64 69 208
64 70 106
64 71 59
64 72 78
64 73 174
64 74 116
64 75 229
64 76 210
64 77 13
64 78 192
64 79 296
64 80 55
64 81 253
64 82 32
64 83 82
64 84 296
64 85 280
64 86 23
64 87 105
64 88 165
64 89 123
64 90 102
64 91 152
64 92 245
64 93 300
64 94 41
64 95 284
64 96 173
64 97 81
64 98 20
64 99 159
64 100 97
65 66 165
65 67 70
65 68 229
65 69 282
65 70 56
65 71 80
65 72 88
65 73 61
65 74 245
65 75 30
65 76 236
65 77 128
65 78 109
65 79 31
65 80 214
65 81 285
65 82 10
65 83 15
65 84 213
65 85 292
65 86 18
65 87 125
65 88 53
65 89 33
65 90 252
65 91 161
65 92 45
65 93 94
65 94 44
65 95 169
65 96 205
65 97 31
65 98 222
65 99 258
65 100 104
66 67 144
66 68 286
66 69 125
66 70 185
66 71 108
66 72 260
66 73 220
66 74 231
66 75 200
66 76 166
66 77 198
66 78 196
66 79 150
66 80 30
66 81 215
66 82 242
66 83 195
66 84 19
66 85 211
66 86 292
66 87 258
66 88 177
66 89 182
66 90 169
66 91 151
66 92 226
66 93 259
66 94 44
66 95 71
66 96 49
66 97 212
66 98 160
66 99 31
66 100 209
67 68 134
67 69 128
67 70 166
67 71 150
67 72 287
67 73 230
67 74 150
67 75 18
67 76 123
67 77 89
67 78 246
67 79 298
67 80 111
67 81 229
67 82 36
67 83 112
67 84 79
67 85 170
67 86 14
67 87 266
67 88 243
67 89 43
67 90 84
67 91 21
67 92 273
67 93 107
67 94 229
67 95 113
67 96 223
67 97 228
67 98 184
67 99 61
67 100 152
68 69 118
68 70 61
68 71 108
68 72 211
68 73 276
68 74 16
68 75 276
68 76 241
68 77 113
68 78 266
68 79 156
68 80 117
68 81 284
68 82 121
68 83 85
68 84 25
68 85 176
68 86 251
68 87 158
68 88 14
68 89 279
68 90 240
68 91 231
68 92 75
68 93 175
68 94 237
68 95 209
68 96 183
68 97 219
68 98 166
68 99 222
68 100 282
69 70 136
69 71 48
69 72 71
69 73 186
69 74 216
69 75 174
69 76 193
69 77 226
69 78 46
69 79 100
69 80 71
69 81 171
69 82 230
69 83 195
69 84 150
69 85 213
69 86 242
69 87 208
69 88 239
69 89 201
69 90 258
69 91 46
69 92 244
69 93 49
69 94 131
69 95 221
69 96 188
69 97 171
69 98 111
69 99 144
69 100 75
70 71 134
70 72 292
70 73 229
70 74 44
70 75 246
70 76 125
70 77 142
70 78 266
70 79 260
70 80 193
70 81 60
70 82 94
70 83 82
70 84 266
70 85 169
70 86 163
70 87 107
70 88 48
70 89 62
70 90 132
70 91 83
70 92 275
70 93 49
70 94 65
70 95 87
70 96 265
70 97 264
70 98 278
70 99 127
70 100 266
71 72 30
71 73 207
71 74 188
71 75 261
71 76 134
71 77 12
71 78 136
71 79 117
71 80 190
71 81 198
71 82 90
71 83 81
71 84 156
71 85 204
71 86 130
71 87 201
71 88 30
71 89 294
71 90 220
71 91 241
71 92 279
71 93 62
71 94 255
71 95 48
71 96 257
71 97 17
71 98 115
71 99 101
71 100 206
72 73 116
72 74 32
72 75 61
72 76 77
72 77 293
72 78 258
72 79 266
72 80 252
72 81 165
72 82 250
72 83 266
72 84 195
72 85 87
72 86 63
72 87 197
72 88 136
72 89 42
72 90 41
72 91 203
72 92 157
72 93 261
72 94 286
72 95 75
72 96 164
72 97 140
72 98 202
72 99 253
72 100 182
73 74 168
73 75 218
73 76 240
73 77 253
73 78 115
73 79 224
73 80 81
73 81 124
73 82 144
73 83 114
73 84 131
73 85 222
73 86 117
73 87 85
73 88 135
73 89 271
73 90 118
73 91 151
73 92 205
73 93 227
73 94 13
73 95 177
73 96 207
73 97 263
73 98 179
73 99 212
73 100 20
74 75 89
74 76 19
74 77 283
74 78 208
74 79 213
74 80 240
74 81 133
74 82 146
74 83 208
74 84 265
74 85 151
74 86 82
74 87 48
74 88 141
74 89 108
74 90 242
74 91 276
74 92 232
74 93 157
74 94 283
74 95 290
74 96 246
74 97 17
74 98 273
74 99 75
74 100 161
75 76 50
75 77 34
75 78 79
75 79 179
75 80 46
75 81 108
75 82 39
75 83 132
75 84 295
75 85 221
75 86 158
75 87 233
75 88 112
75 89 145
75 90 220
75 91 171
75 92 85
75 93 45
75 94 141
75 95 228
75 96 267
75 97 200
75 98 242
75 99 184
75 100 290
76 77 273
76 78 98
76 79 205
76 80 26
76 81 161
76 82 291
76 83 223
76 84 299
76 85 238
76 86 209
76 87 249
76 88 214
76 89 119
76 90 181
76 91 170
76 92 20
76 93 21
76 94 137
76 95 140
76 96 180
76 97 42
76 98 56
76 99 112
76 100 212
77 78 185
77 79 253
77 80 202
77 81 250
77 82 56
77 83 248
77 84 207
77 85 194
77 86 126
77 87 287
77 88 112
77 89 212
77 90 184
77 91 152
77 92 115
77 93 171
77 94 228
77 95 177
77 96 203
77 97 165
77 98 206
77 99 178
77 100 70
78 79 297
78 80 21
78 81 48
78 82 224
78 83 239
78 84 104
78 85 261
78 86 141
78 87 145
78 88 134
78 89 201
78 90 189
78 91 116
78 92 120
78 93 250
78 94 168
78 95 157
78 96 181
78 97 183
78 98 214
78 99 218
78 100 188
79 80 261
79 81 292
79 82 263
79 83 180
79 84 136
79 85 213
79 86 86
79 87 221
79 88 25
79 89 148
79 90 171
79 91 277
79 92 289
79 93 23
79 94 200
79 95 288
79 96 59
79 97 55
79 98 174
79 99 54
79 100 202
80 81 249
80 82 132
80 83 277
80 84 204
80 85 170
80 86 157
80 87 210
80 88 168
80 89 214
80 90 124
80 91 10
80 92 195
80 93 23
80 94 16
80 95 178
80 96 240
80 97 184
80 98 30
80 99 292
80 100 182
81 82 48
81 83 112
81 84 279
81 85 125
81 86 237
81 87 98
81 88 272
81 89 140
81 90 280
81 91 125
81 92 37
81 93 182
81 94 75
81 95 108
81 96 286
81 97 74
81 98 89
81 99 243
81 100 115
82 83 96
82 84 281
82 85 13
82 86 273
82 87 51
82 88 146
82 89 237
82 90 68
82 91 139
82 92 50
82 93 187
82 94 151
82 95 283
82 96 188
82 97 63
82 98 171
82 99 46
82 100 167
83 84 159
83 85 113
83 86 24
83 87 163
83 88 52
83 89 90
83 90 150
83 91 90
83 92 117
83 93 299
83 94 213
83 95 174
83 96 77
83 97 268
83 98 195
83 99 11
83 100 255
84 85 144
84 86 47
84 87 163
84 88 220
84 89 106
84 90 36
84 91 223
84 92 96
84 93 75
84 94 24
84 95 65
84 96 288
84 97 208
84 98 218
84 99 44
84 100 71
85 86 180
85 87 122
85 88 37
85 89 172
85 90 212
85 91 112
85 92 90
85 93 139
85 94 106
85 95 187
85 96 229
85 97 154
85 98 59
85 99 126
85 100 224
86 87 201
86 88 187
86 89 298
86 90 256
86 91 237
86 92 187
86 93 161
86 94 251
86 95 71
86 96 210
86 97 58
86 98 14
86 99 286
86 100 254
87 88 240
87 89 157
87 90 177
87 91 24
87 92 166
87 93 196
87 94 60
87 95 286
87 96 204
87 97 206
87 98 190
87 99 176
87 100 207
88 89 213
88 90 239
88 91 17
88 92 123
88 93 51
88 94 101
88 95 11
88 96 102
88 97 63
88 98 239
88 99 117
88 100 300
89 90 173
89 91 105
89 92 217
89 93 231
89 94 93
89 95 124
89 96 149
89 97 43
89 98 135
89 99 246
89 100 254
90 91 236
90 92 91
90 93 192
90 94 297
90 95 121
90 96 245
90 97 35
90 98 248
90 99 283
90 100 76
91 92 196
91 93 88
91 94 63
91 95 22
91 96 278
91 97 113
91 98 31
91 99 186
91 100 294
92 93 139
92 94 207
92 95 85
92 96 136
92 97 271
92 98 241
92 99 10
92 100 254
93 94 42
93 95 36
93 96 135
93 97 116
93 98 204
93 99 128
93 100 46
94 95 169
94 96 155
94 97 166
94 98 217
94 99 218
94 100 57
95 96 194
95 97 94
95 98 50
95 99 136
95 100 60
96 97 183
96 98 145
96 99 110
96 100 94
97 98 56
97 99 92
97 100 264
98 99 272
98 100 38
99 100 173
